eureka/tests/data/JWST-Sim/NIRCam/Stage3/S3_2022-03-06_NIRCam_ap20_bg20_run2/S3_NIRCam_ap20_bg20_Table_Save.txt
# %ECSV 1.0
# ---
# datatype:
# - {name: time, datatype: float64}
# - {name: wave_1d, datatype: float32}
# - {name: stdspec, datatype: float32}
# - {name: stdvar, datatype: float32}
# - {name: optspec, datatype: float64}
# - {name: opterr, datatype: float64}
# schema: astropy-2.0
time wave_1d stdspec stdvar optspec opterr
[from data line 8329]
59694.203864272975 2.780392 103595.37 27251284.0 103635.04830736207 325.2856970631183
59694.203864272975 2.781396 105404.9 28551044.0 105507.43307747447 328.00595551929655
59694.203864272975 2.7824 104021.1 27512174.0 104076.04993875594 325.665668006395
59694.203864272975 2.783404 105736.805 28830212.0 105830.46634531097 328.6562774196084
59694.203864272975 2.784408 104225.03 27722142.0 104335.22603148225 326.4602589950754
59694.203864272975 2.785412 105919.984 28481038.0 105989.2842852011 328.762803869301
59694.203864272975 2.786416 105704.18 28528202.0 105823.9375923 328.57637093697855
59694.203864272975 2.78742 104256.52 27149116.0 104367.09509974385 326.7704784336409
59694.203864272975 2.788424 104483.26 27983762.0 104628.01521551097 327.2336563511558
59694.203864272975 2.789428 105058.88 28235184.0 105147.35831009022 327.71219637261856
59694.203864272975 2.790432 105545.516 28187226.0 105594.94527913698 328.5635078105692
59694.203864272975 2.791436 105395.9 28317342.0 105469.28685165431 328.18605422920774
59694.203864272975 2.79244 104700.484 28084182.0 104776.48190904436 326.463748932779
59694.203864272975 2.793444 103202.305 26157654.0 103189.35911351778 323.3259454831901
59694.203864272975 2.794448 106175.17 28044966.0 106229.7310816931 328.95999447594187
59694.203864272975 2.795452 106931.6 29232244.0 107031.13374424941 330.4898357127417
59694.203864272975 2.796456 103568.9 27204472.0 103695.09390067561 325.56322579050516
59694.203864272975 2.79746 106509.16 28724026.0 106609.58483418955 329.74475086300635
59694.203864272975 2.798464 104796.625 27726462.0 104883.28497838296 327.28345110981826
59694.203864272975 2.799468 105204.375 28186662.0 105321.19506758475 327.9585383280305
59694.203864272975 2.800472 105192.84 27629484.0 105244.12305089169 327.50049346590026
59694.203864272975 2.801476 104147.92 27310458.0 104176.57369922556 326.07040815363996
59694.203864272975 2.80248 103190.65 27087660.0 103305.90545376229 324.89473037968924
59694.203864272975 2.803484 103799.95 27830960.0 103924.06234377743 325.9234151764644
59694.203864272975 2.804488 104155.734 28299588.0 104175.45096214082 325.9385174925881
59694.203864272975 2.805492 103429.734 27384336.0 103573.32509346704 325.09585669428986
59694.203864272975 2.806496 102219.266 26242170.0 102286.73845794176 322.9756501245356
59694.203864272975 2.8075 105042.77 27733416.0 105141.27957551338 327.34330690421325
59694.203864272975 2.808504 103449.164 27183424.0 103534.7742677676 325.0258669522974
59694.203864272975 2.809508 100324.64 25473204.0 100402.56451370983 320.3085123497232
59694.203864272975 2.810512 103662.34 27674330.0 103785.54029003147 325.4423093999521
59694.203864272975 2.811516 104090.59 27217234.0 104231.04960594866 325.96584201234083
59694.203864272975 2.81252 106086.38 28889690.0 106171.1945902995 329.0247464078723
59694.203864272975 2.813524 104515.85 27371398.0 104563.61036701196 326.6642826194993
59694.203864272975 2.814528 102285.555 26077448.0 102387.87132369138 323.4300825923344
59694.203864272975 2.815532 98157.82 24283298.0 98257.66764927313 316.91318039581193
59694.203864272975 2.816536 99561.016 24402230.0 99682.63565305591 319.053433002697
59694.203864272975 2.81754 101532.22 26402590.0 101647.01622021818 322.11107548764664
59694.203864272975 2.818544 104218.69 28224576.0 104424.38817690079 326.78208487099215
59694.203864272975 2.819548 104150.34 1450748000.0 104228.34352718119 326.30247735832336
59694.203864272975 2.820552 97310.125 23933016.0 97443.61865030724 315.5223094067481
59694.203864272975 2.821556 101511.91 25797780.0 101592.9278888613 321.89472264856727
59694.203864272975 2.82256 101353.69 25400822.0 101531.54785504553 322.2912203194504
59694.203864272975 2.823564 102063.56 1448496500.0 102214.45490147966 323.3327461435289
59694.203864272975 2.824568 105340.13 28576326.0 105542.06125596505 328.5914398978974
59694.203864272975 2.825572 103780.14 26730264.0 103793.45470667632 325.87244533620407
59694.203864272975 2.826576 105224.87 1451033300.0 105371.5604528658 327.790434855184
59694.203864272975 2.82758 99468.36 24388380.0 99527.42779172979 318.8909525538907
59694.203864272975 2.828584 100405.68 25367474.0 100460.47220581037 320.4167430665108
59694.203864272975 2.829588 105547.96 28392954.0 105567.24684232436 328.19604453695143
59694.203864272975 2.830592 104817.77 28408044.0 104951.51343860109 327.67927348063176
59694.203864272975 2.831596 100236.33 25436846.0 100385.38861274395 320.33481735200525
59694.203864272975 2.8326 106067.06 28147068.0 106143.84638368209 329.20535326320027
59694.203864272975 2.833604 104850.07 28014316.0 104984.45720331316 327.38347127078333
59694.203864272975 2.834608 105400.96 28381324.0 105455.03326209793 327.99323375536653
59694.203864272975 2.835612 105259.55 28197574.0 105418.2447263551 328.2018336549963
59694.203864272975 2.836616 105239.984 28578322.0 105241.49910377884 327.49436687968483
59694.203864272975 2.83762 102510.83 27028280.0 102614.12194623424 323.88689229772507
59694.203864272975 2.838624 103674.72 27864278.0 103802.76718788137 325.65752383362747
59694.203864272975 2.839628 105252.18 29113792.0 105396.25271567224 327.97141130896676
59694.203864272975 2.840632 105048.54 27945676.0 105077.53327079311 327.5349680923134
59694.203864272975 2.841636 104856.35 27505224.0 104953.72511024374 327.72019753491816
59694.203864272975 2.84264 102232.836 26590640.0 102387.17815273664 323.49381641441107
59694.203864272975 2.843644 100890.445 1448259200.0 100996.29100611882 321.4615881893318
59694.203864272975 2.844648 105937.13 28487020.0 106063.51664848754 328.9609860533781
59694.203864272975 2.845652 105101.28 27969634.0 105188.13031347067 327.5981312800278
59694.203864272975 2.846656 106328.79 29023224.0 106451.87103063743 329.66761574738445
59694.203864272975 2.84766 104341.71 28237224.0 104452.348758146 326.5391365575234
59694.203864272975 2.848664 104761.9 28421398.0 104839.32777710039 327.038065470477
59694.203864272975 2.849668 98414.37 24812472.0 98514.66956936667 317.42375373800684
59694.203864272975 2.850672 101151.99 26226196.0 101300.42370770773 321.9352760357926
59694.203864272975 2.851676 94244.766 20917832.0 94317.966664896 310.41049220106987
59694.203864272975 2.85268 94800.96 21157154.0 94823.21866352296 311.2238943022991
59694.203864272975 2.853684 94436.555 20950404.0 94568.92303814767 311.06251005547944
59694.203864272975 2.854688 93487.48 21022894.0 93599.81205148686 309.3296544904332
59694.203864272975 2.855692 100241.375 25595530.0 100365.3448333335 320.2303950004742
59694.203864272975 2.856696 100300.234 25775120.0 100406.64077742487 320.09348653853544
59694.203864272975 2.8577 100501.93 25603720.0 100553.50625805886 320.2283922493087
59694.203864272975 2.858704 103503.83 27771652.0 103615.13572752089 325.11538577780465
59694.203864272975 2.859708 102879.17 27382230.0 103000.05894014049 324.4216929436436
59694.203864272975 2.860712 99839.17 25256726.0 100006.55041001731 319.78380436003584
59694.203864272975 2.861716 99206.29 24313626.0 99280.84417105178 318.5523324149505
59694.203864272975 2.86272 101000.3 25142112.0 101082.38631480206 321.1479834218255
59694.203864272975 2.863724 102422.8 25917210.0 102515.14905813617 323.3749743282687
59694.203864272975 2.864728 102539.305 26683020.0 102568.79752858092 323.54186216909983
59694.203864272975 2.865732 102859.48 27073254.0 103017.27693747128 324.3170511095291
59694.203864272975 2.866736 98530.7 24913502.0 98638.27957516571 317.40880312236914
59694.203864272975 2.86774 104110.805 27876264.0 104177.86738075307 326.13603350210695
59694.203864272975 2.868744 104539.766 27960808.0 104611.48391285955 326.7097824734268
59694.203864272975 2.869748 101818.82 25624368.0 101866.02799518488 322.4214983229041
59694.203864272975 2.870752 107108.6 29609952.0 107268.3577246198 331.1386721980446
59694.203864272975 2.871756 106949.25 30303876.0 107032.67752838717 330.372892533109
59694.203864272975 2.87276 101884.93 26783716.0 101958.06963209527 322.61966974281995
59694.203864272975 2.873764 100177.8 25409572.0 100244.6146414158 319.9801358619438
59694.203864272975 2.874768 106035.67 28841948.0 106099.39752233584 328.8585118606557
59694.203864272975 2.875772 104577.8 28074254.0 104703.74058877041 326.9170535167525
59694.203864272975 2.876776 103188.43 26970088.0 103234.01316293578 324.28416445944123
59694.203864272975 2.87778 102745.164 26617856.0 102793.50530150655 323.8563284913073
59694.203864272975 2.878784 104864.82 28010234.0 104912.43894695296 327.1260349098289
59694.203864272975 2.879788 102077.19 25866500.0 102174.42413100191 323.0137183568764
59694.203864272975 2.880792 99592.12 24518014.0 99681.75946693779 319.1564934412824
59694.203864272975 2.881796 104194.96 27706998.0 104340.21796525376 326.6143024860184
59694.203864272975 2.8828 103933.38 27653728.0 104006.07511528574 325.78922161207123
59694.203864272975 2.883804 104977.66 28229612.0 105043.96200427234 327.22176684317384
59694.203864272975 2.884808 103440.27 27331726.0 103516.75635477551 325.21660127298406
59694.203864272975 2.885812 104854.97 28062310.0 104899.89623735608 327.0571984814078
59694.203864272975 2.886816 103036.484 26940372.0 103095.59606525315 324.2969338186371
59694.203864272975 2.88782 104093.96 27977542.0 104246.54662318817 326.2454207528991
59694.203864272975 2.888824 100796.48 25678706.0 100941.43781173934 321.11739079545697
59694.203864272975 2.889828 103209.06 26833762.0 103272.66161456362 324.42616947058275
59694.203864272975 2.890832 104403.01 27899730.0 104405.34831797777 326.11147591568994
59694.203864272975 2.891836 101412.11 25882270.0 101475.8789704751 321.78263638544354
59694.203864272975 2.89284 98882.66 24553028.0 98960.03945869688 317.78701721340394
59694.203864272975 2.893844 103563.15 27557648.0 103726.03240120712 325.6892263271385
59694.203864272975 2.894848 101752.01 26546634.0 101822.12773532658 322.2674783069633
59694.203864272975 2.895852 103492.664 27257866.0 103561.08515422994 325.0154743275504
59694.203864272975 2.896856 102579.05 26389534.0 102617.74892464765 323.5437241107703
59694.203864272975 2.89786 101144.05 26256676.0 101221.66021485192 321.45047226329564
59694.203864272975 2.898864 102446.38 27055232.0 102510.43143977625 323.5231069894708
59694.203864272975 2.899868 103840.28 27384844.0 103874.47732368669 325.3470605443245
59694.203864272975 2.900872 101806.27 26505168.0 101940.84723830239 322.7466911557135
59694.203864272975 2.901876 102841.72 26444670.0 102869.67683212527 324.07269819003056
59694.203864272975 2.90288 101967.86 26424322.0 101967.4180454386 322.4846587068877
59694.203864272975 2.903884 96794.96 24078602.0 96852.2998738095 313.86971475723345
59694.203864272975 2.904888 101095.66 26214166.0 101095.9547523052 321.3917674093461
59694.203864272975 2.905892 101667.98 26396168.0 101786.5781789674 322.4967194420055
59694.203864272975 2.906896 102565.805 26901834.0 102664.75844582834 323.61986476403126
59694.203864272975 2.9079 102201.72 26206078.0 102282.36377316907 323.50657547048985
59694.203864272975 2.908904 97278.6 22952820.0 97310.96620233376 315.092159188622
59694.203864272975 2.909908 99858.21 25116442.0 99951.88448989169 319.45466960050027
59694.203864272975 2.910912 102706.83 26775712.0 102732.76098554814 323.59540785084823
59694.203864272975 2.911916 104377.586 27478238.0 104431.15845070654 326.30267591514604
59694.203864272975 2.91292 102639.26 26509066.0 102689.92985526359 323.71892428150977
59694.203864272975 2.913924 101435.42 25824482.0 101523.05599564724 321.7536122974582
59694.203864272975 2.914928 99018.73 24497358.0 99058.08194077185 317.7972637784605
59694.203864272975 2.915932 103000.48 27314964.0 103096.61653980301 324.4583998463298
59694.203864272975 2.916936 101930.945 26258670.0 101946.49869291154 322.30712743755606
59694.203864272975 2.91794 102400.58 26689496.0 102478.65046260471 323.3281618469684
59694.203864272975 2.918944 103651.97 27427878.0 103728.05883093357 325.2131098109266
59694.203864272975 2.919948 98780.36 24641104.0 98934.55012881223 317.9088853098261
59694.203864272975 2.920952 96490.77 23177326.0 96520.48215062052 313.93189292630404
59694.203864272975 2.921956 94009.375 22147192.0 94074.57379871745 309.9967359595834
59694.203864272975 2.92296 99184.195 25166572.0 99228.53498458986 318.1675406296403
59694.203864272975 2.923964 98545.12 24630660.0 98474.61618374294 317.2041561713532
59694.203864272975 2.924968 96650.54 23982314.0 96746.95027141836 314.37404399111114
59694.203864272975 2.925972 98833.695 25240334.0 98925.83468393363 317.8661487583303
59694.203864272975 2.926976 99015.055 24995512.0 99088.02460984717 317.9599827562906
59694.203864272975 2.92798 99090.57 25203222.0 99251.48920686799 318.5215752406753
59694.203864272975 2.928984 97020.2 24036150.0 97059.17644496833 314.74264187999256
59694.203864272975 2.929988 99659.914 25333698.0 99822.65266916426 319.24106758717926
59694.203864272975 2.930992 98635.48 25098732.0 98657.81903950528 317.3882557512224
59694.203864272975 2.931996 95838.88 23515232.0 95933.95843261812 313.2136167944738
59694.203864272975 2.933 99180.2 24785854.0 99236.40248905918 317.98777692119006
59694.203864272975 2.934004 97680.33 23755372.0 97781.12625796399 315.96252921498296
59694.203864272975 2.935008 96577.74 23160328.0 96592.28974308229 314.09757067291605
59694.203864272975 2.936012 97579.26 24414356.0 97635.58026310787 315.75168520678704
59694.203864272975 2.937016 98075.92 24496530.0 98134.27418234503 316.57743832561965
59694.203864272975 2.93802 92774.766 21302760.0 92833.43365689459 307.8162440237378
59694.203864272975 2.939024 95195.48 23128958.0 95248.25656971964 311.7859901816895
59694.203864272975 2.940028 98263.01 24349466.0 98312.71546583579 316.8523215623167
59694.203864272975 2.941032 96168.86 23334604.0 96222.47181557497 313.4986815046772
59694.203864272975 2.942036 96943.414 23746586.0 97011.54395184071 314.55588979623246
59694.203864272975 2.94304 95908.83 22513212.0 95921.30169441499 312.6656667257327
59694.203864272975 2.944044 94844.22 22361564.0 94956.03474669337 311.51850562692
59694.203864272975 2.945048 95029.664 1434622200.0 95108.11769648251 311.68122441027595
59694.203864272975 2.946052 96255.78 23779062.0 96276.91425114292 313.4607305566227
59694.203864272975 2.947056 94256.414 22694172.0 94299.63926121415 310.3643423971298
59694.203864272975 2.94806 89335.27 1431056100.0 89368.23170167318 301.72998341314894
59694.203864272975 2.949064 91497.59 21267818.0 91655.75035729841 306.383482901488
59694.203864272975 2.950068 90966.1 19991598.0 91097.82220267017 305.24145978704024
59694.203864272975 2.951072 92428.71 21443858.0 92467.2250873321 307.32261765792884
59694.203864272975 2.952076 92408.23 21505964.0 92461.52252587926 307.01664340813574
59694.203864272975 2.95308 91216.93 21123004.0 91262.44833558108 305.3850356819408
59694.203864272975 2.954084 93487.35 22351234.0 93569.54794074735 308.94363409402825
59694.203864272975 2.955088 97327.92 24498432.0 97439.61763689194 315.4441107529544
59694.203864272975 2.956092 97317.56 23638274.0 97353.30535021948 315.26620025972215
59694.203864272975 2.957096 96294.516 23475872.0 96327.09222466864 313.664702586238
59694.203864272975 2.9581 95892.63 23575350.0 95985.693043506 312.9382454716451
59694.203864272975 2.959104 94568.336 22794082.0 94644.34515056443 310.88120687564526
59694.203864272975 2.960108 96396.41 23601150.0 96480.67334875377 313.84074635982506
59694.203864272975 2.961112 94153.38 22435852.0 94218.84535937147 309.94226793779234
59694.203864272975 2.962116 95532.71 23315130.0 95578.820508816 312.5254195521616
59694.203864272975 2.96312 94448.61 22338488.0 94567.69102405362 310.81020324145817
59694.203864272975 2.964124 94736.62 22949602.0 94800.7279052668 310.9092665402403
59694.203864272975 2.965128 89483.36 19652478.0 89544.0668487823 302.37957104621114
59694.203864272975 2.966132 93768.82 22545134.0 93866.5065925041 309.7660328893369
