eureka/tests/data/JWST-Sim/NIRCam/Stage3/S3_2022-03-06_NIRCam_ap20_bg20_run2/S3_NIRCam_ap20_bg20_Table_Save.txt
# %ECSV 1.0
# ---
# datatype:
# - {name: time, datatype: float64}
# - {name: wave_1d, datatype: float32}
# - {name: stdspec, datatype: float32}
# - {name: stdvar, datatype: float32}
# - {name: optspec, datatype: float64}
# - {name: opterr, datatype: float64}
# schema: astropy-2.0
time wave_1d stdspec stdvar optspec opterr
[from data line 4336]
59694.20362773825 3.59062 87006.336 18967568.0 87176.91015534563 298.6296900351717
59694.20362773825 3.591624 89118.84 20146414.0 89216.64579051454 301.6733510659245
59694.20362773825 3.592628 89856.0 20158226.0 89800.25578783316 302.58106017215334
59694.20362773825 3.593632 87401.1 19600548.0 87493.62176519562 298.8806912904697
59694.20362773825 3.594636 88787.25 20111324.0 88851.4802790275 301.14704784854933
59694.20362773825 3.59564 90566.89 20783292.0 90580.81419126214 303.8899820028203
59694.20362773825 3.596644 87344.38 20077868.0 87467.6738071789 298.8355170254643
59694.20362773825 3.597648 81411.12 16744608.0 81544.6310509199 288.6516138340058
59694.20362773825 3.598652 87964.05 20023698.0 88076.87035917498 299.7811010612485
59694.20362773825 3.599656 86275.32 18833142.0 86406.41656789831 297.2552744159296
59694.20362773825 3.60066 90211.17 21042622.0 90348.42315871165 303.6284205882752
59694.20362773825 3.601664 83840.39 17349946.0 83942.7974107296 292.8902706302551
59694.20362773825 3.602668 86503.08 18624292.0 86585.25542154183 297.24735021421697
59694.20362773825 3.603672 88633.85 20270738.0 88777.76718580376 301.2052000988415
59694.20362773825 3.604676 87119.445 18906084.0 87206.59578728679 298.5237307704595
59694.20362773825 3.60568 88292.03 19947414.0 88390.23117836413 300.24079817038756
59694.20362773825 3.606684 87304.125 19432056.0 87372.38447012728 298.71497078800604
59694.20362773825 3.607688 84992.45 18442804.0 85069.30507625568 294.6022444809158
59694.20362773825 3.608692 90196.53 21059276.0 90271.46761422997 303.3390222468703
59694.20362773825 3.609696 86006.664 18249072.0 86025.11269813546 296.120335384279
59694.20362773825 3.6107 89456.336 20766842.0 89577.25609862644 302.4021871696697
59694.20362773825 3.611704 85736.95 18885298.0 85810.609244323 295.9021136211762
59694.20362773825 3.612708 87281.69 19294778.0 87330.99407669713 298.6243294798392
59694.20362773825 3.613712 85593.375 18487308.0 85675.76658893902 295.64437501320134
59694.20362773825 3.614716 89848.805 20740702.0 89869.49335723971 302.8564601905596
59694.20362773825 3.61572 86106.13 18397232.0 86236.36224701452 296.61617551208707
59694.20362773825 3.616724 83240.71 16861082.0 83331.3971241227 291.53724135153897
59694.20362773825 3.617728 81741.45 16699823.0 81840.37786111528 288.97210115536234
59694.20362773825 3.618732 90299.77 20269040.0 90352.62761221088 303.3798159393025
59694.20362773825 3.619736 84799.02 18430242.0 84895.78830557014 294.11379328858806
59694.20362773825 3.62074 89947.555 20654876.0 90030.04959018111 303.12588213973316
59694.20362773825 3.621744 87723.05 1458918900.0 87831.81132815109 299.18914506888075
59694.20362773825 3.622748 82728.59 17410368.0 82738.83408230839 290.995686725695
59694.20362773825 3.623752 86328.984 18821362.0 86363.34194296064 296.806630970497
59694.20362773825 3.624756 89374.33 20275234.0 89447.2890351695 302.08488243763725
59694.20362773825 3.62576 86818.6 19542062.0 86873.77362370871 297.43146587322104
59694.20362773825 3.626764 87462.81 19406560.0 87478.52786573325 298.5943000962266
59694.20362773825 3.627768 83653.53 18055160.0 83716.47126780298 292.4090811513319
59694.20362773825 3.628772 88254.38 19735812.0 88298.29331156341 300.2407559745198
59694.20362773825 3.629776 86332.57 18910458.0 86446.95529631218 297.2405151193602
59694.20362773825 3.63078 79500.33 16247641.0 79560.41241829804 285.32669869129535
59694.20362773825 3.631784 85709.12 19078554.0 85828.061777189 296.0776268095488
59694.20362773825 3.632788 84971.984 18838322.0 85071.44439801818 294.76401824701674
59694.20362773825 3.633792 85813.41 18467134.0 85899.35920725232 296.08724655524156
59694.20362773825 3.634796 88090.69 19406744.0 88121.67889942015 299.70178987035683
59694.20362773825 3.6358 86570.78 19206414.0 86659.9434651312 297.4883750116717
59694.20362773825 3.636804 87831.766 19745800.0 87912.58708017797 299.4671684491289
59694.20362773825 3.637808 84311.17 18236768.0 84361.894666777 293.5842984023523
59694.20362773825 3.638812 84844.58 18070392.0 84939.23431089598 294.4076097451385
59694.20362773825 3.639816 83221.55 17053974.0 83295.9394466879 291.6865119317007
59694.20362773825 3.64082 82750.6 16844062.0 82793.92059749867 290.863070024352
59694.20362773825 3.641824 86649.2 19472680.0 86730.10761327803 297.27626598793915
59694.20362773825 3.642828 83193.98 17149712.0 83278.60236948189 291.8235974012699
59694.20362773825 3.643832 86784.13 19035002.0 86925.20216117657 298.0022493744362
59694.20362773825 3.644836 86857.09 19102484.0 87017.42378289015 298.11676946182314
59694.20362773825 3.64584 87837.08 20068260.0 88039.55037993257 300.10074951966067
59694.20362773825 3.646844 85322.7 18653940.0 85434.97733075467 295.4108666185576
59694.20362773825 3.647848 83606.39 17674838.0 83675.48604287916 292.4566524437976
59694.20362773825 3.648852 85800.03 18925006.0 85869.51235938484 295.88460315809294
59694.20362773825 3.649856 78259.95 16119230.0 78442.51000427283 283.5078187746637
59694.20362773825 3.65086 83909.36 17892482.0 84013.46511500968 292.93180647694675
59694.20362773825 3.651864 84419.35 18262834.0 84455.73277707382 293.2889311898773
59694.20362773825 3.652868 86086.92 18693720.0 86131.87234434158 296.5948897923557
59694.20362773825 3.653872 83602.91 17179244.0 83654.44935682938 292.21876253715277
59694.20362773825 3.654876 79535.3 15827380.0 79667.60630964379 286.1407982047664
59694.20362773825 3.65588 83436.766 17527130.0 83609.07793866706 292.37230649200325
59694.20362773825 3.656884 84901.12 17993834.0 84921.66484718451 294.3810703089553
59694.20362773825 3.657888 75978.93 13884093.0 76070.36592585304 278.9253876578399
59694.20362773825 3.658892 81626.81 16098826.0 81697.2875190985 289.19065856846294
59694.20362773825 3.659896 85652.305 18573136.0 85726.11688922711 295.79626578912234
59694.20362773825 3.6609 85131.37 18055802.0 85201.9014150622 295.02843143197816
59694.20362773825 3.661904 88160.17 19722048.0 88281.79979852958 300.124756806157
59694.20362773825 3.662908 86486.87 18891116.0 86510.82407409199 297.1383948721098
59694.20362773825 3.663912 88410.43 20120544.0 88468.0966779606 300.52938810749356
59694.20362773825 3.664916 87659.41 19820844.0 87796.96521857983 299.73628590609275
59694.20362773825 3.66592 84204.27 17718956.0 84201.05945432391 293.20040180215284
59694.20362773825 3.666924 83951.54 17714662.0 84013.48840245625 293.07386359621006
59694.20362773825 3.667928 78610.89 14735003.0 78715.3040767799 283.6200553707757
59694.20362773825 3.668932 83235.125 17265790.0 83275.01130837615 291.78069007218164
59694.20362773825 3.669936 81287.81 16444281.0 81472.24066149013 288.59698535805137
59694.20362773825 3.67094 85180.664 18353238.0 85309.9491934852 295.39964997895635
59694.20362773825 3.671944 84121.5 17914818.0 84209.28348892379 293.1548830413256
59694.20362773825 3.672948 85843.125 18962500.0 85932.41256362517 296.2144910089606
59694.20362773825 3.673952 86506.555 19322478.0 86663.46566480219 297.4240810471114
59694.20362773825 3.674956 85537.94 18709284.0 85594.49795961156 295.0692791030068
59694.20362773825 3.67596 83705.75 17900714.0 83735.32003949377 292.3658456676861
59694.20362773825 3.676964 86048.375 18636982.0 86096.79811526016 296.24160011605795
59694.20362773825 3.677968 85617.55 18767610.0 85749.06680362564 295.90803436342395
59694.20362773825 3.678972 86682.76 18992068.0 86690.1275940016 297.4528766281862
59694.20362773825 3.679976 80158.43 15731846.0 80203.60563407917 286.4050765459397
59694.20362773825 3.68098 81451.945 16517010.0 81550.77333599188 288.87235644800586
59694.20362773825 3.681984 87330.57 19316508.0 87382.76868502355 298.5541012721602
59694.20362773825 3.682988 87988.09 19497958.0 88130.87254532812 300.4901942795484
59694.20362773825 3.683992 78091.08 1481912200.0 78196.7488368552 282.6521253228925
59694.20362773825 3.684996 86919.34 18950390.0 86935.45575953247 297.94588521703344
59694.20362773825 3.686 87114.62 19505954.0 87230.86439361246 298.4816236772281
59694.20362773825 3.687004 81848.7 17002730.0 81970.0998962579 289.46510644673936
59694.20362773825 3.688008 85169.57 18266450.0 85232.79888111586 295.16130936883934
59694.20362773825 3.689012 87599.41 19455976.0 87699.54524177763 299.26314936875247
59694.20362773825 3.690016 87943.8 19665710.0 87988.93222632563 299.4548831453887
59694.20362773825 3.69102 84625.14 18464440.0 84680.53910771718 293.8813681513407
59694.20362773825 3.692024 86080.52 18715360.0 86165.15785640308 296.54803711699975
59694.20362773825 3.693028 86802.19 19002380.0 86909.89535137636 297.8021878330168
59694.20362773825 3.694032 98537.92 27790408.0 98881.65019374191 344.825130500106
59694.20362773825 3.695036 85314.22 18315564.0 85438.26097144505 295.3721530559128
59694.20362773825 3.69604 82261.375 17176942.0 82331.25666299663 290.13094930082855
59694.20362773825 3.697044 84061.85 18243540.0 84094.40724812633 292.79427796495565
59694.20362773825 3.698048 82486.07 17639268.0 82614.5546612653 290.3979928497898
59694.20362773825 3.699052 85284.84 18209764.0 85271.243184402 294.9094208910862
59694.20362773825 3.700056 86560.555 19075490.0 86621.74912806839 297.2192722382444
59694.20362773825 3.70106 82321.54 17467486.0 82359.78740343568 289.9489670790491
59694.20362773825 3.702064 82725.62 17555836.0 83291.83480582762 291.7248532969233
59694.20362773825 3.703068 85718.17 18588476.0 85478.7583516099 295.38360054353416
59694.20362773825 3.704072 83990.04 18257220.0 84073.53245903106 292.91497742834395
59694.20362773825 3.705076 81130.63 17006312.0 81219.02115621396 288.26683281873954
59694.20362773825 3.70608 77679.875 15363680.0 77790.00469978586 281.7342241362526
59694.20362773825 3.707084 83451.45 18124184.0 83530.79059148725 292.04714347240525
59694.20362773825 3.708088 83669.14 17442196.0 83689.14358958426 291.9053276826301
59694.20362773825 3.709092 82360.945 17104728.0 82417.43831737064 290.00237924075185
59694.20362773825 3.710096 83155.5 1479874700.0 83227.19641720285 291.1389820801831
59694.20362773825 3.7111 77909.28 15174034.0 78026.02063320328 282.90781892659663
59694.20362773825 3.712104 81993.63 16817390.0 82042.7692037197 289.13433096077546
59694.20362773825 3.713108 83827.42 17670802.0 83886.08575231819 292.4969903656098
59694.20362773825 3.714112 83676.09 18019324.0 83792.20023142362 292.31418433499937
59694.20362773825 3.715116 83324.92 17933966.0 83382.87268364297 291.8317038274822
59694.20362773825 3.71612 81154.85 16447305.0 81144.67722481875 287.67340710447934
59694.20362773825 3.717124 79253.06 15865206.0 79293.05935278846 284.51127599942515
59694.20362773825 3.718128 81417.77 16843894.0 81518.22482464323 288.2754493503723
59694.20362773825 3.719132 83565.35 17850938.0 83582.9811061812 292.1104150812694
59694.20362773825 3.720136 82770.414 17530956.0 82848.97030094267 290.79313038723234
59694.20362773825 3.72114 81142.42 17282888.0 81241.29061123992 288.0832534995617
59694.20362773825 3.722144 82496.38 17583990.0 82508.43583253119 290.01956269873466
59694.20362773825 3.723148 82549.0 17239210.0 82563.76182989222 290.1775308831571
59694.20362773825 3.724152 83711.83 17800442.0 83756.82057078723 292.2888655491397
59694.20362773825 3.725156 84310.22 17620252.0 84369.47491406606 293.4630691830675
59694.20362773825 3.72616 83696.46 17906020.0 83667.23550833696 292.107960030256
59694.20362773825 3.727164 81598.27 16917178.0 81729.67254074608 289.0206171469147
59694.20362773825 3.728168 80883.95 16747909.0 81051.00675937411 287.8726562263283
59694.20362773825 3.729172 81697.46 17154844.0 81760.20218344397 288.9506833809701
59694.20362773825 3.730176 81389.0 16548213.0 81449.6482176894 288.2685913689354
59694.20362773825 3.73118 84621.69 18329298.0 84655.60554188641 293.9873082117903
59694.20362773825 3.732184 82966.94 17301622.0 83075.61088459037 291.1327598367298
59694.20362773825 3.733188 82269.125 17240738.0 82369.39408618736 290.092847684013
59694.20362773825 3.734192 82689.695 17318722.0 82746.43328629674 290.45757177499604
59694.20362773825 3.735196 84342.46 18122272.0 84413.06722227583 293.65279455987803
59694.20362773825 3.7362 85191.836 18692886.0 85197.86639684609 294.26671559951905
59694.20362773825 3.737204 84769.47 18347144.0 84831.95670539231 294.33816243039155
59694.20362773825 3.738208 84744.99 18270760.0 84825.98052558608 294.16438569448695
59694.20362773825 3.739212 83839.92 17619386.0 83921.03302856222 292.82386534182723
59694.20362773825 3.740216 81055.92 2941232000.0 80903.27124812255 287.28391397629434
59694.20362773825 3.74122 80730.66 16618408.0 80831.48636565695 287.30616187340894
59694.20362773825 3.742224 81293.69 16911900.0 81362.64615366292 288.08447851092615
59694.20362773825 3.743228 84811.484 18333850.0 84904.66619976032 294.3700247299348
59694.20362773825 3.744232 83206.05 1479833700.0 83252.99614576431 291.62298301167664
59694.20362773825 3.745236 83835.74 17901182.0 83911.36800117232 292.9582500581204
59694.20362773825 3.74624 83460.695 17714908.0 83472.26056259908 291.6198415994771
59694.20362773825 3.747244 83941.1 17487902.0 83971.28535335515 292.44888029417706
59694.20362773825 3.748248 81350.125 16738522.0 81439.7578695316 288.31108510320587
59694.20362773825 3.749252 83126.39 1479511300.0 83232.57205955501 291.59454557205345
59694.20362773825 3.750256 76658.45 14448984.0 76721.67276152373 279.7009611867248
59694.20362773825 3.75126 75400.62 14362411.0 75452.3885489227 277.80513437677706
59694.20362773825 3.752264 80860.72 16479412.0 80916.8124536039 287.4863704555125
59694.20362773825 3.753268 82541.59 17201000.0 82570.07008695744 290.47825603645185
59694.20362773825 3.754272 80304.99 16319364.0 80381.46002419262 286.5010648059893
59694.20362773825 3.755276 79384.77 15821147.0 79511.12352156216 284.96881913468036
59694.20362773825 3.75628 80456.44 16545600.0 80527.65735321502 286.6365223350897
59694.20362773825 3.757284 81189.47 16511315.0 81241.89660368992 288.1615383685795
59694.20362773825 3.758288 81616.6 16692402.0 81662.76576494782 288.6024784915726
59694.20362773825 3.759292 81798.734 16938064.0 81926.89031881392 289.4000902417439
59694.20362773825 3.760296 82655.9 17309242.0 82723.00092075964 290.44211064198174
59694.20362773825 3.7613 82186.055 17120042.0 82238.00755978821 289.50270471487556
59694.20362773825 3.762304 80051.68 16244902.0 80116.65921472844 285.9262705878308
59694.20362773825 3.763308 81744.51 17474870.0 81838.32730804886 289.30474664872776
59694.20362773825 3.764312 77783.43 15178652.0 77875.50166892163 282.0284970168707
59694.20362773825 3.765316 82592.65 17501318.0 82412.43470157187 289.9895201903837
59694.20362773825 3.76632 79971.695 16303993.0 80028.15933307924 285.6892928856313
59694.20362773825 3.767324 75495.125 14466959.0 75597.8714648515 277.9584341789455
59694.20362773825 3.768328 79237.58 15877360.0 79318.61834158585 284.5277746005077
59694.20362773825 3.769332 81358.89 16836420.0 81466.5434415551 288.5731210763449
59694.20362773825 3.770336 77169.72 14863539.0 77248.9503342563 281.094482486917
59694.20362773825 3.77134 76702.5 14960420.0 76753.1356522174 280.0428182727728
59694.20362773825 3.772344 76389.04 14988891.0 76367.08797553105 279.33269840604754
59694.20362773825 3.773348 81938.51 17270470.0 82026.92890621151 289.32122013977295
59694.20362773825 3.774352 80769.14 16743792.0 80816.46391241551 287.08636989938117
59694.20362773825 3.775356 77500.85 15205445.0 77574.22041352185 281.5829840351149
59694.20362773825 3.77636 78592.266 15649636.0 78640.5537673457 283.4845168763271
59694.20362773825 3.777364 80900.984 16298706.0 80936.53624137866 287.3970087165882
59694.20362773825 3.778368 81381.54 17063554.0 81422.08535461313 288.22065816537105
59694.20362773825 3.779372 78985.5 15713409.0 79002.87965588976 283.8343955496138
59694.20362773825 3.780376 75701.15 1465765400.0 75719.38006054156 278.1020033130916
59694.20362773825 3.78138 80217.58 15417565.0 79240.49781882546 284.1866976488279
59694.20362773825 3.782384 80231.56 1467794800.0 80299.85430316778 285.8864998454982
