eureka/tests/data/JWST-Sim/NIRCam/Stage3/S3_2022-03-06_NIRCam_ap20_bg20_run2/S3_NIRCam_ap20_bg20_Table_Save.txt
# %ECSV 1.0
# ---
# datatype:
# - {name: time, datatype: float64}
# - {name: wave_1d, datatype: float32}
# - {name: stdspec, datatype: float32}
# - {name: stdvar, datatype: float32}
# - {name: optspec, datatype: float64}
# - {name: opterr, datatype: float64}
# schema: astropy-2.0
time wave_1d stdspec stdvar optspec opterr
[from data line 9465]
59694.203864272975 3.920936 72463.38 13579341.0 72490.36402215839 272.12289244968343
59694.203864272975 3.92194 72704.66 13459684.0 72831.7253600499 272.82371344510943
59694.203864272975 3.922944 71394.75 13091736.0 71570.0437442265 270.707615945624
59694.203864272975 3.923948 72842.695 13304626.0 72892.49529273348 272.9611562412389
59694.203864272975 3.924952 73290.984 13840167.0 73351.1605345327 273.4981875010047
59694.203864272975 3.925956 71261.484 12776608.0 71382.81044328294 270.17380514034056
59694.203864272975 3.92696 73239.76 13926025.0 73352.33071612364 273.851785894446
59694.203864272975 3.927964 73363.17 13574537.0 73329.94445108908 273.5598980323704
59694.203864272975 3.928968 73407.32 1487548300.0 73504.82558604816 273.9118116405551
59694.203864272975 3.929972 72565.13 13412621.0 72637.93484693584 272.477912105656
59694.203864272975 3.930976 72526.336 13601871.0 72628.83431966849 272.5221388824927
59694.203864272975 3.93198 72515.0 13145609.0 72528.68062529109 272.3202031670138
59694.203864272975 3.932984 72741.734 13690811.0 72818.59345628224 272.6224708533257
59694.203864272975 3.933988 72662.82 13568205.0 72726.63706892832 272.8356966285513
59694.203864272975 3.934992 72290.45 13232560.0 72341.34333848149 271.6485897279087
59694.203864272975 3.935996 72003.61 13294734.0 72068.36820517808 271.4002119387386
59694.203864272975 3.937 71638.14 13103064.0 71696.39427528842 270.40269576414636
59694.203864272975 3.938004 72146.625 13100161.0 72245.58514836898 271.68187006025147
59694.203864272975 3.939008 72153.69 1487154700.0 72196.76823717811 271.1399433051947
59694.203864272975 3.940012 70980.05 12748877.0 71102.0235350989 269.6374004585873
59694.203864272975 3.941016 68150.12 11523294.0 68203.97730812414 264.1304048814133
59694.203864272975 3.94202 68712.72 11951109.0 68794.30960442724 265.26972031580846
59694.203864272975 3.943024 71756.35 13101758.0 71801.68233763291 270.46702663863596
59694.203864272975 3.944028 69913.45 12444255.0 70125.88149309669 268.0425754919481
59694.203864272975 3.945032 69866.99 12256331.0 69862.82578118035 266.7966734645868
59694.203864272975 3.946036 69565.086 11856990.0 69568.61069447054 266.48652822598586
59694.203864272975 3.94704 70426.19 12403027.0 70451.93464273633 268.2716078793164
59694.203864272975 3.948044 69831.43 12526479.0 70025.23890758265 267.67656736685007
59694.203864272975 3.949048 66115.914 11225098.0 66159.00978935878 259.8435696214722
59694.203864272975 3.950052 67475.46 11503001.0 67526.51908052161 262.85292196702216
59694.203864272975 3.951056 70568.86 12490551.0 70577.9473011527 267.82855994434163
59694.203864272975 3.95206 70149.99 1486156800.0 70157.1274212146 267.1597511722447
59694.203864272975 3.953064 66703.22 1485126800.0 66831.19317231499 261.37197745369923
59694.203864272975 3.954068 65588.664 2957923300.0 65739.98344826367 259.1104401463647
59694.203864272975 3.955072 66392.664 11290721.0 66478.13119763964 260.63769035923366
59694.203864272975 3.956076 68693.21 1485296900.0 68722.48377957974 264.43132167426876
59694.203864272975 3.95708 68182.97 11629373.0 68186.02711802833 263.70448403292175
59694.203864272975 3.958084 67575.06 11587305.0 67636.52335229093 262.578103487578
59694.203864272975 3.959088 69845.164 12474260.0 69824.18810171567 266.0291036973941
59694.203864272975 3.960092 68554.21 1485694000.0 68592.37306858037 264.79556206334235
59694.203864272975 3.961096 68250.87 1485558900.0 68262.6566049582 263.70184178482447
59694.203864272975 3.9621 68642.13 11952025.0 68666.18374318819 264.73388320442365
59694.203864272975 3.963104 66816.69 11316238.0 66896.55072705948 261.23107086363734
59694.203864272975 3.964108 66140.234 1484716700.0 66204.35147990094 260.0198326100057
59694.203864272975 3.965112 65782.695 11000382.0 65889.16991155317 259.5666091950605
59694.203864272975 3.966116 65911.836 11280632.0 66048.11409374955 260.0596718508462
59694.203864272975 3.96712 66063.79 11116506.0 66080.7275177299 259.33974778104493
59694.203864272975 3.968124 65411.14 10962832.0 65449.65381370029 258.3330427460474
59694.203864272975 3.969128 62964.414 10191587.0 63063.09920213701 253.83112056399153
59694.203864272975 3.970132 65636.48 10959494.0 65740.93558306037 258.91785750463816
59694.203864272975 3.971136 65351.367 1484796000.0 65401.775452339054 258.2783530133429
59694.203864272975 3.97214 63893.96 1484021000.0 63922.50050570433 255.39147160017552
59694.203864272975 3.973144 64276.414 10651309.0 64315.04466501704 256.11966920805946
59694.203864272975 3.974148 61183.04 9539264.0 61253.78903468096 249.9721079404984
59694.203864272975 3.975152 62728.72 10164891.0 62748.61293694394 253.22180581860877
59694.203864272975 3.976156 61424.44 9630776.0 61438.37007431278 250.3164228681413
59694.203864272975 3.97716 62307.457 9952266.0 62351.55412114175 252.52654883203869
59694.203864272975 3.978164 61595.223 9492483.0 61606.886474385996 250.59189596350458
59694.203864272975 3.979168 60365.992 1483086100.0 60378.87178640557 248.18656982298901
59694.203864272975 3.980172 59243.895 9002478.0 59320.05341554166 246.29977081916263
59694.203864272975 3.981176 59181.527 8941479.0 59172.27953256902 245.72577559603582
59694.203864272975 3.98218 56419.844 7987052.0 56450.54094772029 240.00735514350566
59694.203864272975 3.983184 56458.586 8097795.5 56523.49059775861 240.6980439272412
59694.203864272975 3.984188 57471.35 8556402.0 57512.67971059733 242.27525086172267
59694.203864272975 3.985192 55760.18 7861551.5 55799.74677976796 238.73336051753296
59694.203864272975 3.986196 55857.125 1481809500.0 55937.1220708537 239.09080147716438
59694.203864272975 3.9872 54191.094 7546605.0 54261.53283069467 235.49687922446836
59694.203864272975 3.988204 50884.5 2954373600.0 50918.60861355592 228.27117801553803
59694.203864272975 3.989208 51719.324 7054282.5 51803.77553203898 230.38212562079954
59694.203864272975 3.990212 51443.465 6736675.5 51427.61235425032 229.359428566364
59694.203864272975 3.991216 51957.977 6842392.5 52008.312032619746 230.64632463849367
59694.203864272975 3.99222 50444.508 6545936.5 50523.1677844804 227.430378681145
59694.203864272975 3.993224 46830.39 1479352300.0 46900.0591891519 219.116444124637
59694.203864272975 3.994228 49275.484 1480101100.0 49319.359506657136 224.50905293489336
59694.203864272975 3.995232 47920.42 5832785.0 47934.68282382491 221.26479819224423
59694.203864272975 3.996236 46711.73 1479588400.0 46798.41790573153 219.03609742976133
59694.203864272975 3.99724 44527.008 1478824400.0 44570.36542674221 213.47545731781028
59694.203864272975 3.998244 46199.977 1479327600.0 46293.00782074558 217.7724965738866
59694.203864272975 3.999248 44042.77 1478793300.0 44143.50001488489 212.89994165507193
59694.203864272975 4.000252 45059.812 5205104.0 45074.54096215342 214.94266383183913
59694.203864272975 4.001256 44010.492 4968630.5 43985.177076398366 211.89758018311753
59694.203864272975 4.00226 43224.91 4426573000.0 43300.48303254601 210.64920333636096
59694.203864272975 4.003264 42089.73 2952349700.0 42134.18456839748 207.65139422039704
59694.203864272975 4.004268 38903.227 2951856600.0 38949.57427186945 199.99697108534434
59694.203864272975 4.005272 39849.926 1478029600.0 39894.26077772248 202.17540303632973
59694.203864272975 4.006276 40691.04 2952120800.0 40765.97191121157 204.3937236078764
59694.203864272975 4.00728 36256.97 3350999.2 36293.10376366073 193.06927292199975
59694.203864272975 4.008284 36031.242 1477206900.0 36056.45158095733 192.3183016789836
59694.203864272975 4.009288 37176.535 2951511000.0 37204.382502164786 195.32977991161525
59694.203864272975 4.010292 35969.906 2951240200.0 35995.48624142387 192.26610361203063
59694.203864272975 4.011296 32859.2 4424637400.0 32882.812574427975 183.81816489681154
59694.203864272975 4.0123 34111.582 2950902000.0 34178.545613185546 187.5135835292449
59694.203864272975 4.013304 34013.215 2968264.5 34048.75411916329 187.03022545083198
59694.203864272975 4.014308 32574.512 2950751700.0 32631.605374214843 183.10053726086215
59694.203864272975 4.015312 30727.848 1476444900.0 30722.93028094969 177.8668803412048
59694.203864272975 4.016316 31020.88 2488174.5 31059.24177380407 178.61826404888131
59694.203864272975 4.01732 30314.518 5897899000.0 30304.99368417945 175.93505676850063
59694.203864272975 4.018324 29073.365 1476195200.0 29102.623307762737 172.78953828485965
59694.203864272975 4.019328 28746.162 3051308800.0 28841.533549482945 172.61334098130666
59694.203864272975 4.020332 26836.16 3051201800.0 26901.4078572335 166.5642731988538
59694.203864272975 4.021336 25588.377 4576461000.0 25732.12428643371 163.1031481215097
59694.203864272975 4.02234 26799.275 3051432200.0 26828.053407249805 166.39994446985963
59694.203864272975 4.023344 26262.812 6100494000.0 26378.31956225564 165.836755486651
59694.203864272975 4.024348 25144.754 3050973700.0 25206.787169992716 161.36518340886454
59694.203864272975 4.025352 24757.816 3051038000.0 24854.805469731094 160.35414782736947
59694.203864272975 4.026356 23711.857 4575763000.0 23843.89174844835 157.11163593519862
59694.203864272975 4.02736 22555.371 1525986200.0 22597.967826354234 152.89439406426763
59694.203864272975 4.028364 20736.096 6099805700.0 20821.126697652424 147.09131383632283
59694.203864272975 4.029368 20670.479 3050534400.0 20678.085588385573 146.2253887696016
59694.203864272975 4.030372 20030.58 4575166500.0 20094.81196766142 144.49591023233694
59694.203864272975 4.031376 18914.24 3050321700.0 19017.291208156366 140.71411720412087
59694.203864272975 4.03238 19035.201 9149329000.0 19145.14049208414 141.07805561850967
59694.203864272975 4.033384 18606.84 1525709800.0 18748.363557282148 139.6482674072028
59694.203864272975 4.034388 19029.174 1525636600.0 19072.49808261982 140.84958010776282
59694.203864272975 4.035392 18404.123 3050262300.0 18402.88345506471 137.48782704250243
59694.203864272975 4.036396 16841.043 6099840500.0 16833.917469026255 132.36468125618296
59694.203864272975 4.0374 16722.588 7624661000.0 16813.083037705055 132.3163543851443
59694.203864272975 4.038404 15637.665 3050049500.0 15810.294717738963 128.67999646821437
59694.203864272975 4.039408 14264.748 6099160000.0 14354.345793158649 122.71013053062033
59694.203864272975 4.040412 14869.558 7624301000.0 14915.507362495144 124.30068011818274
59694.203864272975 4.041416 15094.749 12199159000.0 15101.268537503043 125.27542370851974
59694.203864272975 4.04242 13881.72 3049880600.0 13981.313511651762 120.67569166986607
59694.203864272975 4.043424 14172.754 6099015700.0 14175.921176413121 121.11437951654021
59694.203864272975 4.044428 14193.254 7624334000.0 14147.178289998164 120.2993542693888
59694.203864272975 4.045432 12812.978 3050197500.0 12830.535463064893 115.45979593737931
59694.203864272975 4.046436 11989.174 10673328000.0 12205.183868504042 113.33703521152947
59694.203864272975 4.04744 11315.414 4574213600.0 11373.185705025578 109.72911853864427
59694.203864272975 4.048444 11193.855 6099586600.0 11294.838590362586 108.9130417912265
59694.203864272975 4.049448 10790.987 313370.34 10845.322443095274 106.91515867790785
59694.203864272975 4.050452 10659.348 7624174600.0 10745.164821826133 106.50377871051357
59694.203864272975 4.051456 9934.919 12197622000.0 10058.105227621996 103.37620584745815
59694.203864272975 4.05246 9955.118 10673618000.0 9915.720474838809 101.96269444954919
59694.203864272975 4.053464 9661.405 9149198000.0 9770.716446105453 101.66755371981381
59694.203864272975 4.054468 9370.917 4574603000.0 9440.59142338364 99.78778809834583
59694.203864272975 4.055472 8158.74 12198034000.0 8302.426844057445 93.91098679157948
59694.203943117886 2.450076 75643.46 14559462.0 75753.16898333545 278.0612341279024
59694.203943117886 2.45108 75866.83 2915567400.0 76042.66005214163 278.91999466510504
59694.203943117886 2.452084 76081.086 14622622.0 76108.90898972556 278.6878092126299
59694.203943117886 2.453088 75688.34 14671252.0 75743.36278133484 278.3491920712925
59694.203943117886 2.454092 76183.305 14962002.0 76294.14266669546 279.2933491690494
59694.203943117886 2.455096 76619.836 14772893.0 76683.60342816831 279.89283672158643
59694.203943117886 2.4561 77049.734 14895177.0 77148.22935993047 280.72220044772934
59694.203943117886 2.457104 78164.836 1463948700.0 78224.34686560126 282.9040615382135
59694.203943117886 2.458108 77967.41 15483827.0 78098.538726458 282.7092885119512
59694.203943117886 2.459112 79362.28 15904616.0 79392.24281077806 284.8249005208405
59694.203943117886 2.460116 80255.01 16450924.0 80331.43717996412 286.53038625030496
59694.203943117886 2.46112 80435.984 16261915.0 80437.93921900632 286.5598009366142
59694.203943117886 2.462124 79718.66 15975009.0 79808.96173534638 285.7564190683988
59694.203943117886 2.463128 79141.59 15777305.0 79135.4986158729 284.36048630678596
59694.203943117886 2.464132 80890.555 16374756.0 80943.0069441932 287.70173815892366
59694.203943117886 2.465136 82354.97 17147176.0 82414.31739011387 290.225892791135
59694.203943117886 2.46614 83169.64 17456032.0 83153.86726663988 291.2728089562147
59694.203943117886 2.467144 81114.85 16726790.0 81218.55299207286 288.4170762655564
59694.203943117886 2.468148 82612.52 17515234.0 82752.2691731257 291.11099490318963
59694.203943117886 2.469152 82838.375 17596560.0 82904.44020303397 291.07331001645457
59694.203943117886 2.470156 80062.92 16396919.0 80170.79803790124 286.87421808391116
59694.203943117886 2.47116 78984.33 15836990.0 79146.5747998605 284.6796395643708
59694.203943117886 2.472164 81628.19 16898514.0 81718.68735047472 288.8650235755008
59694.203943117886 2.473168 83113.6 17737814.0 83181.43407719511 291.5179262348672
59694.203943117886 2.474172 82873.88 17501568.0 82965.40171014446 291.4660368335098
59694.203943117886 2.475176 81755.875 16705887.0 81901.79938739522 289.5364622471159
59694.203943117886 2.47618 82354.086 17385434.0 82424.41775341159 290.43645670651455
59694.203943117886 2.477184 81384.586 16686176.0 81480.00208656411 288.95574957705406
59694.203943117886 2.478188 82284.71 1434492800.0 82388.31655448946 290.4342062586151
59694.203943117886 2.479192 82591.03 2852298000.0 82644.02658304534 290.65807985963
59694.203943117886 2.480196 80711.22 16364034.0 80787.00514561891 287.5494139677823
59694.203943117886 2.4812 81202.02 17017602.0 81314.98605919308 288.55512422837586
59694.203943117886 2.482204 81436.46 16882128.0 81534.98566284038 288.8862765545319
59694.203943117886 2.483208 81487.28 16843084.0 81508.21517875521 288.82728824939187
59694.203943117886 2.484212 81005.09 16276898.0 81055.38790414554 287.9069140082608
59694.203943117886 2.485216 79112.34 15723107.0 79262.18273814174 284.72261180654937
59694.203943117886 2.48622 82385.43 16682703.0 82420.97168468866 290.3339188191696
59694.203943117886 2.487224 81454.89 1434263600.0 81544.84726126539 288.84713198583734
59694.203943117886 2.488228 80290.02 16362811.0 80399.58513858574 286.7755667791954
59694.203943117886 2.489232 83598.8 17861858.0 83704.80104613963 292.50253561964803
59694.203943117886 2.490236 84571.88 18069950.0 84680.0312790044 294.334967916841
59694.203943117886 2.49124 84375.07 1435737900.0 84447.41702823088 293.9512978786872
59694.203943117886 2.492244 84290.27 17824462.0 84324.3468095068 293.6214750222958
59694.203943117886 2.493248 84207.16 1435675000.0 84226.12326870015 293.680807496208
59694.203943117886 2.494252 84925.195 18344602.0 84998.38925688512 294.84153152854947
59694.203943117886 2.495256 83448.375 17819786.0 83439.22650667804 291.97257173582955
59694.203943117886 2.49626 84372.94 18110370.0 84492.90729783133 294.0471454971678
59694.203943117886 2.497264 83498.77 17436898.0 83491.10765158753 292.05274023185234
59694.203943117886 2.498268 84182.24 17755058.0 84255.43932758115 293.7052188989405
59694.203943117886 2.499272 84092.22 17983102.0 84155.59302418126 293.41608833601305
59694.203943117886 2.500276 83519.35 17826314.0 83677.54479194127 292.86489877122756
