eureka/tests/data/JWST-Sim/NIRCam/Stage3/S3_2022-03-06_NIRCam_ap20_bg20_run2/S3_NIRCam_ap20_bg20_Table_Save.txt
# %ECSV 1.0
# ---
# datatype:
# - {name: time, datatype: float64}
# - {name: wave_1d, datatype: float32}
# - {name: stdspec, datatype: float32}
# - {name: stdvar, datatype: float32}
# - {name: optspec, datatype: float64}
# - {name: opterr, datatype: float64}
# schema: astropy-2.0
time wave_1d stdspec stdvar optspec opterr
[from data line 10787]
59694.203943117886 3.641824 86543.01 19516412.0 86589.49072286511 297.26643408163415
59694.203943117886 3.642828 83319.67 17449232.0 83405.65607875517 292.07300104848474
59694.203943117886 3.643832 86767.195 19030580.0 86829.66259431158 297.9429075468188
59694.203943117886 3.644836 87067.9 19004044.0 87107.80616304603 298.5307522886207
59694.203943117886 3.64584 88549.44 20096366.0 88565.77136328163 300.96864148725115
59694.203943117886 3.646844 86173.68 18999186.0 86206.60607532339 296.9890813432396
59694.203943117886 3.647848 83764.52 17818538.0 83766.68296069172 292.79699066011244
59694.203943117886 3.648852 85620.83 18877026.0 85661.95283379518 295.7004741621061
59694.203943117886 3.649856 78269.85 16021388.0 78321.95274742969 283.25488210344275
59694.203943117886 3.65086 84340.53 17917852.0 84383.65955957539 293.62290467301574
59694.203943117886 3.651864 84447.87 18492456.0 84545.70609528518 293.8417217112903
59694.203943117886 3.652868 86454.88 19055802.0 86577.34167929942 297.66927074890253
59694.203943117886 3.653872 83888.88 17513024.0 83987.03718061409 293.1610862799764
59694.203943117886 3.654876 80016.74 15879232.0 80061.36728500992 286.63415355892556
59694.203943117886 3.65588 83385.36 17692446.0 83469.70465104331 292.34672224386037
59694.203943117886 3.656884 84313.92 18045526.0 84441.616902731 294.00891444492345
59694.203943117886 3.657888 76469.28 14139481.0 76558.66724695395 279.92848206700285
59694.203943117886 3.658892 80989.45 15956160.0 81083.62761288423 288.5386421782894
59694.203943117886 3.659896 85222.28 18414468.0 85319.41568008032 295.52869354155547
59694.203943117886 3.6609 85592.38 18310450.0 85647.01878115922 295.94426647488444
59694.203943117886 3.661904 88183.86 19679490.0 88270.2626207943 300.5838061284101
59694.203943117886 3.662908 84717.27 18249728.0 84773.57780925176 294.73298728794424
59694.203943117886 3.663912 88078.78 19936400.0 88211.04178747852 300.61011062514467
59694.203943117886 3.664916 88117.45 20019814.0 88214.46367272912 300.4624172547228
59694.203943117886 3.66592 82937.01 17392638.0 83061.7258277039 291.7584706120823
59694.203943117886 3.666924 84030.22 17586280.0 84119.31186032396 293.4921194093386
59694.203943117886 3.667928 77761.914 14508689.0 77823.00793110921 282.4703869268258
59694.203943117886 3.668932 82947.74 17319036.0 83041.93955291336 291.7357727402083
59694.203943117886 3.669936 82232.2 16644231.0 82230.584904188 290.05061360558057
59694.203943117886 3.67094 85740.375 18211926.0 85700.8504878234 295.9019563649518
59694.203943117886 3.671944 83909.51 17917380.0 84001.43323342918 293.1660647166139
59694.203943117886 3.672948 86973.24 19324200.0 87004.53378091122 298.2726561444364
59694.203943117886 3.673952 86592.47 19161114.0 86682.5987958862 297.71358670606776
59694.203943117886 3.674956 86068.305 19091460.0 86184.21318046418 296.6231602857334
59694.203943117886 3.67596 83015.805 17651998.0 83052.69535339256 291.4410079424548
59694.203943117886 3.676964 85823.086 18826260.0 85902.19191825495 296.3818510090533
59694.203943117886 3.677968 85139.69 18654572.0 85246.45075071766 295.292551135062
59694.203943117886 3.678972 85868.36 18696580.0 85956.48586507389 296.6896924089906
59694.203943117886 3.679976 80240.07 15854836.0 80368.66874601206 287.12819345006284
59694.203943117886 3.68098 81166.6 16635416.0 81256.69461685701 288.4613763028252
59694.203943117886 3.681984 86468.78 19041684.0 86562.12842336291 297.55963192654946
59694.203943117886 3.682988 88582.24 19528674.0 88280.19615368168 300.3143962230003
59694.203943117886 3.683992 78515.914 1482168000.0 78610.33209533614 283.6712706969351
59694.203943117886 3.684996 86364.836 18906996.0 86478.44601417427 297.56469038025745
59694.203943117886 3.686 87161.945 19577574.0 87196.05537273294 298.50392894156914
59694.203943117886 3.687004 82429.336 17299178.0 82513.70901600785 290.61002041009914
59694.203943117886 3.688008 85134.99 18573956.0 85309.93958046369 295.8238877848856
59694.203943117886 3.689012 87846.125 19744640.0 87961.09388082754 299.97872202180906
59694.203943117886 3.690016 87481.74 19842394.0 87644.72970654021 299.6666761630519
59694.203943117886 3.69102 83626.234 18109042.0 83694.6349888452 292.69025699458757
59694.203943117886 3.692024 86016.11 18755662.0 86079.48658590204 296.6098026940807
59694.203943117886 3.693028 86792.34 19082996.0 86901.92865965168 298.17641400991056
59694.203943117886 3.694032 96914.06 26580392.0 97581.78917657037 342.9792519242483
59694.203943117886 3.695036 85467.17 18386812.0 85505.5176298273 295.69698865608365
59694.203943117886 3.69604 82518.875 17416998.0 82663.7397056139 291.1598561294866
59694.203943117886 3.697044 84438.77 18253180.0 84474.72602580747 293.7077090429754
59694.203943117886 3.698048 83554.95 18158222.0 83655.31904592368 292.5808348916296
59694.203943117886 3.699052 85980.43 18708858.0 86058.4938599349 296.7209612163199
59694.203943117886 3.700056 86023.31 18888962.0 86059.91035004101 296.4556467044698
59694.203943117886 3.70106 82006.23 17523594.0 82111.40402751972 289.9858276398127
59694.203943117886 3.702064 82933.98 17393798.0 83046.02703577062 291.86401556956883
59694.203943117886 3.703068 85011.62 18357328.0 85100.20479406838 295.11933271294646
59694.203943117886 3.704072 83642.586 17861636.0 83695.31831066636 292.5457229330157
59694.203943117886 3.705076 81486.46 17001324.0 81517.43700972667 288.982846294033
59694.203943117886 3.70608 77694.83 15226015.0 77734.00452153129 281.9848158708377
59694.203943117886 3.707084 83777.11 18223010.0 83823.75906798636 292.7674671411913
59694.203943117886 3.708088 83325.555 17601700.0 83452.82836661645 292.13519802650984
59694.203943117886 3.709092 82407.33 17280886.0 82485.43025046548 290.28414521171055
59694.203943117886 3.710096 81869.21 1479327500.0 81974.84702069599 289.5631026887649
59694.203943117886 3.7111 77747.47 15047785.0 77852.25284867923 282.63349995587697
59694.203943117886 3.712104 81650.195 16748674.0 81750.32347448464 289.1541410967209
59694.203943117886 3.713108 83210.336 17456690.0 83275.98304438262 291.86147282383456
59694.203943117886 3.714112 83548.6 17883428.0 83587.70637454094 292.4122200487068
59694.203943117886 3.715116 83411.06 18219808.0 83475.26285636118 292.3052982234085
59694.203943117886 3.71612 80851.57 16473567.0 80916.92310859698 287.91347213273536
59694.203943117886 3.717124 78784.95 15818507.0 78923.1922284925 284.42019817258625
59694.203943117886 3.718128 82353.83 16955724.0 82380.72514309474 289.927419969451
59694.203943117886 3.719132 83630.36 18032676.0 83704.5556441397 292.8547448580892
59694.203943117886 3.720136 82770.02 17519604.0 82855.28895447086 291.048140510714
59694.203943117886 3.72114 81771.82 17542640.0 81885.08405402572 289.4808222205416
59694.203943117886 3.722144 82363.51 17437870.0 82405.17245838705 290.22881616934666
59694.203943117886 3.723148 81520.84 17116378.0 81653.03470339124 289.2806358420487
59694.203943117886 3.724152 83145.0 17624738.0 83179.0726484698 291.67970377929447
59694.203943117886 3.725156 83850.74 17565072.0 83925.92600341095 293.0526217597614
59694.203943117886 3.72616 83040.14 17707016.0 83070.93560552633 291.77958364478934
59694.203943117886 3.727164 81504.984 16963504.0 81591.12494203824 288.8765366399918
59694.203943117886 3.728168 81201.33 16659053.0 81255.06126288266 288.52134335618535
59694.203943117886 3.729172 81615.89 17206238.0 81712.94883983584 289.05435378902763
59694.203943117886 3.730176 81975.86 16930764.0 82058.45843363783 289.7502349349317
59694.203943117886 3.73118 84161.125 18196984.0 84190.76279100786 293.4036063409665
59694.203943117886 3.732184 82756.36 17326262.0 82896.25697260202 291.1757747508964
59694.203943117886 3.733188 82503.11 17239108.0 82509.16701707985 290.4859361389231
59694.203943117886 3.734192 82487.19 17230962.0 82569.67640147576 290.60802726334333
59694.203943117886 3.735196 84906.94 18295926.0 84949.54210240665 294.5017812663485
59694.203943117886 3.7362 85192.5 18757988.0 85318.70675507473 295.261508166942
59694.203943117886 3.737204 84554.79 18207094.0 84587.91921602236 293.84096168576235
59694.203943117886 3.738208 84497.85 18219994.0 84631.2282023429 294.21276767965344
59694.203943117886 3.739212 83304.44 17740690.0 83410.46545215932 292.1750104550933
59694.203943117886 3.740216 81200.586 2941459000.0 81351.8521305498 288.2349228886036
59694.203943117886 3.74122 80723.68 16598118.0 80768.82847650244 287.3978630529196
59694.203943117886 3.742224 80904.85 16749874.0 80953.58571961687 287.67927992792204
59694.203943117886 3.743228 84534.48 18357838.0 84699.4262469133 294.3069283114384
59694.203943117886 3.744232 83281.92 1479925900.0 83375.76383338132 292.29905219756375
59694.203943117886 3.745236 84114.734 18045980.0 84162.73041830832 293.599493573242
59694.203943117886 3.74624 83333.61 17908860.0 83498.89417627576 292.3947628619696
59694.203943117886 3.747244 83465.83 17606684.0 83559.7045444396 292.4905011938333
59694.203943117886 3.748248 81434.02 16636793.0 81447.6380668084 288.49011988218257
59694.203943117886 3.749252 83240.97 1479692300.0 83299.55991544171 291.6563117402611
59694.203943117886 3.750256 76404.85 14634749.0 76534.94767977452 279.87495915351053
59694.203943117886 3.75126 75599.484 14268975.0 75623.0985408707 278.3797484552255
59694.203943117886 3.752264 80830.484 16698967.0 80942.24470393539 288.0699150283983
59694.203943117886 3.753268 82070.37 17022746.0 82177.0063594355 290.19257975117506
59694.203943117886 3.754272 80547.6 16359194.0 80602.48923564186 287.16740340546653
59694.203943117886 3.755276 79545.69 15984711.0 79629.93359449269 285.5831871255233
59694.203943117886 3.75628 80304.19 16387730.0 80382.9152509696 286.6736060607913
59694.203943117886 3.757284 80373.375 16257452.0 80449.3397080222 287.0337045349646
59694.203943117886 3.758288 81554.5 16877726.0 81603.75978632188 288.8724523501447
59694.203943117886 3.759292 81080.86 16539272.0 81150.91188742727 288.31465559121995
59694.203943117886 3.760296 83181.05 17510748.0 83263.61078016607 291.9171020243122
59694.203943117886 3.7613 81638.5 17046414.0 81709.50235884986 289.061927402122
59694.203943117886 3.762304 78533.84 15883009.0 78786.40361157939 284.249541143834
59694.203943117886 3.763308 82604.33 17715602.0 82669.14593721276 290.8299592918621
59694.203943117886 3.764312 78170.6 15211776.0 78205.75245023561 282.7992785494347
59694.203943117886 3.765316 82232.78 17562922.0 82321.25243944854 290.21679012246386
59694.203943117886 3.76632 79608.49 16050758.0 79628.68674719229 285.38233609092475
59694.203943117886 3.767324 76242.87 14543372.0 76279.76383162336 279.32421553395216
59694.203943117886 3.768328 79571.35 15960725.0 79665.66248566877 285.49079950213735
59694.203943117886 3.769332 81511.73 17108018.0 81625.28541134408 289.03980869329854
59694.203943117886 3.770336 77380.55 15108366.0 77547.23863092961 281.96432853314917
59694.203943117886 3.77134 76463.96 14873155.0 76483.33928104241 279.81202904077503
59694.203943117886 3.772344 75467.7 14738302.0 75611.61385258895 278.4489718189116
59694.203943117886 3.773348 82134.32 17434664.0 82230.61288713977 290.03133299395876
59694.203943117886 3.774352 80359.03 16526665.0 80464.42452856168 287.20266142021467
59694.203943117886 3.775356 77819.49 15323169.0 77835.50697144105 281.9658676173298
59694.203943117886 3.77636 78205.96 15492104.0 78299.89454537217 283.1056799219296
59694.203943117886 3.777364 80637.5 16484927.0 80771.29055594785 287.3855942281204
59694.203943117886 3.778368 81491.4 17114412.0 81666.61953367469 289.23359377704236
59694.203943117886 3.779372 78544.945 15704369.0 78703.83940119413 283.7572285067333
59694.203943117886 3.780376 74872.72 1465563900.0 75001.63645673385 277.1657804501956
59694.203943117886 3.78138 79115.375 15432050.0 79187.82308104134 284.1109285993195
59694.203943117886 3.782384 80464.164 1467686900.0 80479.8809313958 286.38776799688304
59694.203943117886 3.783388 80422.16 16251321.0 80520.46297449502 286.7763776771015
59694.203943117886 3.784392 76316.625 14625371.0 76379.58453893673 279.5877530034079
59694.203943117886 3.785396 77505.79 15366411.0 77594.01909415232 281.84978164603444
59694.203943117886 3.7864 77695.97 15051992.0 77745.60934686165 281.9506536915801
59694.203943117886 3.787404 77942.766 15337880.0 77989.38133354118 282.4109281399055
59694.203943117886 3.788408 80263.29 16495453.0 80340.3848726299 286.62411449146913
59694.203943117886 3.789412 81383.42 16739512.0 81391.77994826865 288.2453734695211
59694.203943117886 3.790416 79911.08 16437435.0 79971.89108229837 285.9709750095889
59694.203943117886 3.79142 80855.38 16839052.0 80992.98298541627 287.794147727234
59694.203943117886 3.792424 81189.23 17082210.0 81231.33655737147 288.1933994931543
59694.203943117886 3.793428 79913.57 16246112.0 80150.53348874375 286.7211387884964
59694.203943117886 3.794432 79878.57 16200763.0 79978.20370169477 285.9004403129871
59694.203943117886 3.795436 76927.43 14936168.0 76981.03006734423 280.60233695766635
59694.203943117886 3.79644 78666.69 15688748.0 78720.57465302685 283.6642492646449
59694.203943117886 3.797444 80281.73 16521310.0 80382.40624436505 286.69356013975244
59694.203943117886 3.798448 77463.81 15341363.0 77539.82626464215 281.60455706872847
59694.203943117886 3.799452 80425.86 16283850.0 80534.3399793003 287.26820133723106
59694.203943117886 3.800456 78622.25 15465281.0 78745.28048089112 284.24163298179644
59694.203943117886 3.80146 76988.266 14760307.0 77111.58899880953 281.22935330177916
59694.203943117886 3.802464 71107.08 12350853.0 71175.05743468403 269.99907457962024
59694.203943117886 3.803468 74958.09 13781775.0 75035.58554917928 277.0221173157745
59694.203943117886 3.804472 79848.016 16273156.0 79929.65801257404 285.89538682087476
59694.203943117886 3.805476 77992.33 15632037.0 78060.42204028592 282.67865682219093
59694.203943117886 3.80648 77750.59 15209739.0 77821.7305350921 282.0081821710387
59694.203943117886 3.807484 74937.65 1465645400.0 75069.54505389293 277.1040452177866
59694.203943117886 3.808488 79488.016 15858221.0 79515.81746697194 285.0763315514258
59694.203943117886 3.809492 80412.23 16299626.0 80474.92307816049 286.7958650916683
59694.203943117886 3.810496 78257.75 15600627.0 78339.73437154273 283.331094150352
59694.203943117886 3.8115 78487.22 15526680.0 78530.6530637837 282.9779130555591
59694.203943117886 3.812504 80841.14 16381594.0 80873.93968851626 286.97386215502365
59694.203943117886 3.813508 78610.77 15592135.0 78664.28597393606 283.45144307115254
59694.203943117886 3.814512 74290.32 14117843.0 74322.28681774277 275.9046774387565
59694.203943117886 3.815516 79730.9 16435404.0 79773.38252290942 285.61371054302845
59694.203943117886 3.81652 79261.6 16151822.0 79368.92502820895 284.9040368028654
59694.203943117886 3.817524 75579.3 14296164.0 75680.09659695401 278.3704205350843
59694.203943117886 3.818528 73111.61 13357919.0 73096.43774382587 273.44216571347494
59694.203943117886 3.819532 79306.72 16268978.0 79320.26209630453 284.8510596611156
59694.203943117886 3.820536 75466.65 14463023.0 75535.92554315965 278.0685491618467
59694.203943117886 3.82154 80039.82 16530368.0 80089.28077264247 286.0203868304509
59694.203943117886 3.822544 76926.234 14907720.0 76972.17640283005 280.6473997911655
59694.203943117886 3.823548 74254.4 13697818.0 74368.82109764063 276.10738152873466
59694.203943117886 3.824552 75294.32 14338799.0 75375.77541533316 277.9292901056506
59694.203943117886 3.825556 78346.61 15783978.0 78469.71313048893 283.49304919571375
59694.203943117886 3.82656 76369.5 14792246.0 76413.74589009612 279.50457710870614
59694.203943117886 3.827564 74229.86 14121871.0 74281.46107891698 276.02717239487623
59694.203943117886 3.828568 77159.96 1467015800.0 77219.9196321164 281.1405674239521
59694.203943117886 3.829572 73495.27 13547671.0 73639.90870152357 274.57585546034693
59694.203943117886 3.830576 75152.05 14742213.0 75259.87499872656 277.4588105480744
