demos/S3_2021-05-31_11-29-52_wasp43b/S3_wasp43b_spec_lc.txt
# %ECSV 0.9
# ---
# datatype:
# - {name: m, datatype: int8}
# - {name: n, datatype: int8}
# - {name: wavelength, datatype: float32}
# - {name: int_mid_MJD_UTC, datatype: float64}
# - {name: int_mid_BJD_TDB, datatype: float64}
# - {name: flux(MJy/sr), datatype: float32}
# - {name: err(MJr/sr), datatype: float32}
# schema: astropy-2.0
m n wavelength int_mid_MJD_UTC int_mid_BJD_TDB flux(MJy/sr) err(MJr/sr)
[from data line 20336]
1 5 3.59062 59694.203864272975 2459694.7075395486 3775083.2 2716396700000.0
1 5 3.591624 59694.203864272975 2459694.7075395486 3837144.0 8081767000000.0
1 5 3.592628 59694.203864272975 2459694.7075395486 3858128.8 2719520700000.0
1 5 3.593632 59694.203864272975 2459694.7075395486 3745401.0 5401563000000.0
1 5 3.594636 59694.203864272975 2459694.7075395486 3816838.5 5403839000000.0
1 5 3.59564 59694.203864272975 2459694.7075395486 3876927.2 38453120000.0
1 5 3.596644 59694.203864272975 2459694.7075395486 3781557.8 37728805000.0
1 5 3.597648 59694.203864272975 2459694.7075395486 3501225.5 2715397700000.0
1 5 3.598652 59694.203864272975 2459694.7075395486 3795453.2 36731830000.0
1 5 3.599656 59694.203864272975 2459694.7075395486 3676063.2 16145950000000.0
1 5 3.60066 59694.203864272975 2459694.7075395486 3838271.0 5409987000000.0
1 5 3.601664 59694.203864272975 2459694.7075395486 3586843.5 8089773300000.0
1 5 3.602668 59694.203864272975 2459694.7075395486 3735834.5 35350688000.0
1 5 3.603672 59694.203864272975 2459694.7075395486 3863289.8 5404077000000.0
1 5 3.604676 59694.203864272975 2459694.7075395486 3736994.8 2716693000000.0
1 5 3.60568 59694.203864272975 2459694.7075395486 3790511.2 2718998500000.0
1 5 3.606684 59694.203864272975 2459694.7075395486 3747421.5 5400439000000.0
1 5 3.607688 59694.203864272975 2459694.7075395486 3663272.5 8083010500000.0
1 5 3.608692 59694.203864272975 2459694.7075395486 3897331.2 2723003200000.0
1 5 3.609696 59694.203864272975 2459694.7075395486 3660942.0 33653645000.0
1 5 3.6107 59694.203864272975 2459694.7075395486 3858315.0 2723919200000.0
1 5 3.611704 59694.203864272975 2459694.7075395486 3650298.0 2719808000000.0
1 5 3.612708 59694.203864272975 2459694.7075395486 3747327.8 36049613000.0
1 5 3.613712 59694.203864272975 2459694.7075395486 3665296.8 2721322400000.0
1 5 3.614716 59694.203864272975 2459694.7075395486 3836853.2 5414605000000.0
1 5 3.61572 59694.203864272975 2459694.7075395486 3718500.8 5412129600000.0
1 5 3.616724 59694.203864272975 2459694.7075395486 3536129.8 2720315700000.0
1 5 3.617728 59694.203864272975 2459694.7075395486 3528272.2 2722025400000.0
1 5 3.618732 59694.203864272975 2459694.7075395486 3888150.0 2727873600000.0
1 5 3.619736 59694.203864272975 2459694.7075395486 3631527.5 34429456000.0
1 5 3.62074 59694.203864272975 2459694.7075395486 3834477.5 2726397700000.0
1 5 3.621744 59694.203864272975 2459694.7075395486 3796430.8 8104068500000.0
1 5 3.622748 59694.203864272975 2459694.7075395486 3528102.8 32462430000.0
1 5 3.623752 59694.203864272975 2459694.7075395486 3700295.5 2726611000000.0
1 5 3.624756 59694.203864272975 2459694.7075395486 3864303.5 2730579500000.0
1 5 3.62576 59694.203864272975 2459694.7075395486 3717413.0 8116147600000.0
1 5 3.626764 59694.203864272975 2459694.7075395486 3777612.5 10814292000000.0
1 5 3.627768 59694.203864272975 2459694.7075395486 3593155.0 2729155000000.0
1 5 3.628772 59694.203864272975 2459694.7075395486 3764121.0 2733197000000.0
1 5 3.629776 59694.203864272975 2459694.7075395486 3741499.2 35678294000.0
1 5 3.63078 59694.203864272975 2459694.7075395486 3381282.2 5426601500000.0
1 5 3.631784 59694.203864272975 2459694.7075395486 3688313.5 5434135000000.0
1 5 3.632788 59694.203864272975 2459694.7075395486 3658688.5 2735181400000.0
1 5 3.633792 59694.203864272975 2459694.7075395486 3712483.0 10836508000000.0
1 5 3.634796 59694.203864272975 2459694.7075395486 3762183.5 8139350000000.0
1 5 3.6358 59694.203864272975 2459694.7075395486 3699864.5 2737031300000.0
1 5 3.636804 59694.203864272975 2459694.7075395486 3731978.0 35741987000.0
1 5 3.637808 59694.203864272975 2459694.7075395486 3632065.2 2737588400000.0
1 5 3.638812 59694.203864272975 2459694.7075395486 3613760.2 5441064500000.0
1 5 3.639816 59694.203864272975 2459694.7075395486 3563771.2 8144770600000.0
1 5 3.64082 59694.203864272975 2459694.7075395486 3567443.8 2736663600000.0
1 5 3.641824 59694.203864272975 2459694.7075395486 3704653.2 10855918000000.0
1 5 3.642828 59694.203864272975 2459694.7075395486 3562581.8 31903668000.0
1 5 3.643832 59694.203864272975 2459694.7075395486 3750088.5 8152471300000.0
1 5 3.644836 59694.203864272975 2459694.7075395486 3740590.2 8153072000000.0
1 5 3.64584 59694.203864272975 2459694.7075395486 3790404.2 36983538000.0
1 5 3.646844 59694.203864272975 2459694.7075395486 3660980.2 2741218000000.0
1 5 3.647848 59694.203864272975 2459694.7075395486 3596297.5 2740237400000.0
1 5 3.648852 59694.203864272975 2459694.7075395486 3661585.8 8152891000000.0
1 5 3.649856 59694.203864272975 2459694.7075395486 3362113.5 5437076000000.0
1 5 3.65086 59694.203864272975 2459694.7075395486 3594335.5 33340600000.0
1 5 3.651864 59694.203864272975 2459694.7075395486 3622604.2 5436955700000.0
1 5 3.652868 59694.203864272975 2459694.7075395486 3701559.2 5437390300000.0
1 5 3.653872 59694.203864272975 2459694.7075395486 3571164.8 8135101600000.0
1 5 3.654876 59694.203864272975 2459694.7075395486 3414469.8 5431055000000.0
1 5 3.65588 59694.203864272975 2459694.7075395486 3564020.8 5434083600000.0
1 5 3.656884 59694.203864272975 2459694.7075395486 3615190.0 2733521200000.0
1 5 3.657888 59694.203864272975 2459694.7075395486 3242937.8 2726415000000.0
1 5 3.658892 59694.203864272975 2459694.7075395486 3488388.0 2730155600000.0
1 5 3.659896 59694.203864272975 2459694.7075395486 3619743.8 2734277000000.0
1 5 3.6609 59694.203864272975 2459694.7075395486 3652285.5 5436111600000.0
1 5 3.661904 59694.203864272975 2459694.7075395486 3770287.2 2738518800000.0
1 5 3.662908 59694.203864272975 2459694.7075395486 3677249.8 2737926600000.0
1 5 3.663912 59694.203864272975 2459694.7075395486 3767453.0 8147421400000.0
1 5 3.664916 59694.203864272975 2459694.7075395486 3741520.2 8148755000000.0
1 5 3.66592 59694.203864272975 2459694.7075395486 3572118.5 8146367000000.0
1 5 3.666924 59694.203864272975 2459694.7075395486 3581421.8 2737471000000.0
1 5 3.667928 59694.203864272975 2459694.7075395486 3343841.8 5438542000000.0
1 5 3.668932 59694.203864272975 2459694.7075395486 3527212.8 5440769000000.0
1 5 3.669936 59694.203864272975 2459694.7075395486 3492960.8 5435009500000.0
1 5 3.67094 59694.203864272975 2459694.7075395486 3655467.5 34369122000.0
1 5 3.671944 59694.203864272975 2459694.7075395486 3607690.5 8137668600000.0
1 5 3.672948 59694.203864272975 2459694.7075395486 3691150.8 35504410000.0
1 5 3.673952 59694.203864272975 2459694.7075395486 3720517.2 2737735000000.0
1 5 3.674956 59694.203864272975 2459694.7075395486 3671627.5 34979394000.0
1 5 3.67596 59694.203864272975 2459694.7075395486 3548177.2 5437736000000.0
1 5 3.676964 59694.203864272975 2459694.7075395486 3656844.5 2737716600000.0
1 5 3.677968 59694.203864272975 2459694.7075395486 3668320.5 10847441000000.0
1 5 3.678972 59694.203864272975 2459694.7075395486 3712496.5 35824017000.0
1 5 3.679976 59694.203864272975 2459694.7075395486 3442182.2 29253941000.0
1 5 3.68098 59694.203864272975 2459694.7075395486 3508991.0 2734870500000.0
1 5 3.681984 59694.203864272975 2459694.7075395486 3732165.5 35990274000.0
1 5 3.682988 59694.203864272975 2459694.7075395486 3767868.0 5444894500000.0
1 5 3.683992 59694.203864272975 2459694.7075395486 3338657.8 8151345000000.0
1 5 3.684996 59694.203864272975 2459694.7075395486 3720297.8 5445969000000.0
1 5 3.686 59694.203864272975 2459694.7075395486 3724028.0 2741495400000.0
1 5 3.687004 59694.203864272975 2459694.7075395486 3525078.2 2738090700000.0
1 5 3.688008 59694.203864272975 2459694.7075395486 3646370.2 2740780000000.0
1 5 3.689012 59694.203864272975 2459694.7075395486 3755693.2 2743626400000.0
1 5 3.690016 59694.203864272975 2459694.7075395486 3742881.0 2744267000000.0
1 5 3.69102 59694.203864272975 2459694.7075395486 3595841.5 2743074600000.0
1 5 3.692024 59694.203864272975 2459694.7075395486 3666016.0 5456271000000.0
1 5 3.693028 59694.203864272975 2459694.7075395486 3736686.0 2746931500000.0
1 5 3.694032 59694.203864272975 2459694.7075395486 4269870.5 5471370000000.0
1 5 3.695036 59694.203864272975 2459694.7075395486 3658424.5 34214170000.0
1 5 3.69604 59694.203864272975 2459694.7075395486 3521873.8 5453457700000.0
1 5 3.697044 59694.203864272975 2459694.7075395486 3618960.5 5458723600000.0
1 5 3.698048 59694.203864272975 2459694.7075395486 3553564.8 33198336000.0
1 5 3.699052 59694.203864272975 2459694.7075395486 3675233.8 35191510000.0
1 5 3.700056 59694.203864272975 2459694.7075395486 3690350.5 5469093000000.0
1 5 3.70106 59694.203864272975 2459694.7075395486 3519875.5 8189579400000.0
1 5 3.702064 59694.203864272975 2459694.7075395486 3612764.8 5475152000000.0
1 5 3.703068 59694.203864272975 2459694.7075395486 3670884.0 34307412000.0
1 5 3.704072 59694.203864272975 2459694.7075395486 3612357.0 5484439400000.0
1 5 3.705076 59694.203864272975 2459694.7075395486 3497633.8 8214192600000.0
1 5 3.70608 59694.203864272975 2459694.7075395486 3354304.5 8217016400000.0
1 5 3.707084 59694.203864272975 2459694.7075395486 3587544.5 5496734500000.0
1 5 3.708088 59694.203864272975 2459694.7075395486 3604796.8 10967211000000.0
1 5 3.709092 59694.203864272975 2459694.7075395486 3565306.0 10974508000000.0
1 5 3.710096 59694.203864272975 2459694.7075395486 3561420.2 10981887000000.0
1 5 3.7111 59694.203864272975 2459694.7075395486 3349378.0 8244995000000.0
1 5 3.712104 59694.203864272975 2459694.7075395486 3515670.2 10993250000000.0
1 5 3.713108 59694.203864272975 2459694.7075395486 3578094.0 5516543700000.0
1 5 3.714112 59694.203864272975 2459694.7075395486 3588873.0 2777147500000.0
1 5 3.715116 59694.203864272975 2459694.7075395486 3601567.8 33762972000.0
1 5 3.71612 59694.203864272975 2459694.7075395486 3490665.2 2777514500000.0
1 5 3.717124 59694.203864272975 2459694.7075395486 3410833.5 8274756000000.0
1 5 3.718128 59694.203864272975 2459694.7075395486 3537922.8 11032352000000.0
1 5 3.719132 59694.203864272975 2459694.7075395486 3598914.2 8288802000000.0
1 5 3.720136 59694.203864272975 2459694.7075395486 3554314.8 2786094700000.0
1 5 3.72114 59694.203864272975 2459694.7075395486 3540588.5 32863384000.0
1 5 3.722144 59694.203864272975 2459694.7075395486 3542452.8 2789477700000.0
1 5 3.723148 59694.203864272975 2459694.7075395486 3599110.5 2791378500000.0
1 5 3.724152 59694.203864272975 2459694.7075395486 3625002.2 8312162000000.0
1 5 3.725156 59694.203864272975 2459694.7075395486 3650919.5 2795047200000.0
1 5 3.72616 59694.203864272975 2459694.7075395486 3604124.8 5558297000000.0
1 5 3.727164 59694.203864272975 2459694.7075395486 3514038.0 5559632300000.0
1 5 3.728168 59694.203864272975 2459694.7075395486 3503497.0 11093347000000.0
1 5 3.729172 59694.203864272975 2459694.7075395486 3547471.8 11100889000000.0
1 5 3.730176 59694.203864272975 2459694.7075395486 3519055.8 5569116600000.0
1 5 3.73118 59694.203864272975 2459694.7075395486 3660187.5 34674315000.0
1 5 3.732184 59694.203864272975 2459694.7075395486 3591368.8 5576082000000.0
1 5 3.733188 59694.203864272975 2459694.7075395486 3568255.0 2805892400000.0
1 5 3.734192 59694.203864272975 2459694.7075395486 3582821.5 13906337000000.0
1 5 3.735196 59694.203864272975 2459694.7075395486 3687995.8 5582961500000.0
1 5 3.7362 59694.203864272975 2459694.7075395486 3689187.8 5579634000000.0
1 5 3.737204 59694.203864272975 2459694.7075395486 3646906.8 8351327500000.0
1 5 3.738208 59694.203864272975 2459694.7075395486 3647365.8 8354576500000.0
1 5 3.739212 59694.203864272975 2459694.7075395486 3636112.2 33529162000.0
1 5 3.740216 59694.203864272975 2459694.7075395486 3514101.5 13904384000000.0
1 5 3.74122 59694.203864272975 2459694.7075395486 3502658.0 8351736000000.0
1 5 3.742224 59694.203864272975 2459694.7075395486 3520603.8 2805524300000.0
1 5 3.743228 59694.203864272975 2459694.7075395486 3681260.0 2810079600000.0
1 5 3.744232 59694.203864272975 2459694.7075395486 3621505.0 5588552000000.0
1 5 3.745236 59694.203864272975 2459694.7075395486 3651448.2 34641015000.0
1 5 3.74624 59694.203864272975 2459694.7075395486 3603348.8 5595910400000.0
1 5 3.747244 59694.203864272975 2459694.7075395486 3624339.2 5599606000000.0
1 5 3.748248 59694.203864272975 2459694.7075395486 3524793.0 2816441800000.0
1 5 3.749252 59694.203864272975 2459694.7075395486 3571192.2 5605488600000.0
1 5 3.750256 59694.203864272975 2459694.7075395486 3321549.8 2816051000000.0
1 5 3.75126 59694.203864272975 2459694.7075395486 3281570.5 27426992000.0
1 5 3.752264 59694.203864272975 2459694.7075395486 3515501.5 2823686000000.0
1 5 3.753268 59694.203864272975 2459694.7075395486 3577618.8 33098620000.0
1 5 3.754272 59694.203864272975 2459694.7075395486 3491066.0 2825856500000.0
1 5 3.755276 59694.203864272975 2459694.7075395486 3455775.8 11215345000000.0
1 5 3.75628 59694.203864272975 2459694.7075395486 3497017.2 8424569000000.0
1 5 3.757284 59694.203864272975 2459694.7075395486 3520228.5 31266861000.0
1 5 3.758288 59694.203864272975 2459694.7075395486 3524385.0 2832079300000.0
1 5 3.759292 59694.203864272975 2459694.7075395486 3552032.2 5636261700000.0
1 5 3.760296 59694.203864272975 2459694.7075395486 3592561.2 8443704000000.0
1 5 3.7613 59694.203864272975 2459694.7075395486 3572001.2 2838221300000.0
1 5 3.762304 59694.203864272975 2459694.7075395486 3515812.5 5644863000000.0
1 5 3.763308 59694.203864272975 2459694.7075395486 3620619.2 2842732300000.0
1 5 3.764312 59694.203864272975 2459694.7075395486 3434450.5 30051535000.0
1 5 3.765316 59694.203864272975 2459694.7075395486 3581506.0 33670040000.0
1 5 3.76632 59694.203864272975 2459694.7075395486 3496916.8 2843955700000.0
1 5 3.767324 59694.203864272975 2459694.7075395486 3339801.2 2842129000000.0
1 5 3.768328 59694.203864272975 2459694.7075395486 3488623.2 2845958000000.0
1 5 3.769332 59694.203864272975 2459694.7075395486 3553263.5 32451570000.0
1 5 3.770336 59694.203864272975 2459694.7075395486 3403077.8 29407787000.0
1 5 3.77134 59694.203864272975 2459694.7075395486 3355932.5 5666369000000.0
1 5 3.772344 59694.203864272975 2459694.7075395486 3330050.2 2848898700000.0
1 5 3.773348 59694.203864272975 2459694.7075395486 3631140.2 2855809000000.0
1 5 3.774352 59694.203864272975 2459694.7075395486 3557374.8 2855148200000.0
1 5 3.775356 59694.203864272975 2459694.7075395486 3393591.0 2852796500000.0
1 5 3.77636 59694.203864272975 2459694.7075395486 3406128.8 2851822000000.0
1 5 3.777364 59694.203864272975 2459694.7075395486 3541873.5 5673667000000.0
1 5 3.778368 59694.203864272975 2459694.7075395486 3592139.8 2854678200000.0
1 5 3.779372 59694.203864272975 2459694.7075395486 3462132.8 2852787000000.0
1 5 3.780376 59694.203864272975 2459694.7075395486 3327528.8 5674291000000.0
1 5 3.78138 59694.203864272975 2459694.7075395486 3450981.5 8502658000000.0
1 5 3.782384 59694.203864272975 2459694.7075395486 3498531.8 8505136000000.0
1 5 3.783388 59694.203864272975 2459694.7075395486 3508100.2 2856902200000.0
1 5 3.784392 59694.203864272975 2459694.7075395486 3354878.8 28526617000.0
1 5 3.785396 59694.203864272975 2459694.7075395486 3429373.5 8509812400000.0
1 5 3.7864 59694.203864272975 2459694.7075395486 3420016.5 2856233500000.0
1 5 3.787404 59694.203864272975 2459694.7075395486 3440853.8 5685173600000.0
1 5 3.788408 59694.203864272975 2459694.7075395486 3556320.8 8516583000000.0
1 5 3.789412 59694.203864272975 2459694.7075395486 3570574.0 5689912000000.0
1 5 3.790416 59694.203864272975 2459694.7075395486 3500548.5 31863194000.0
1 5 3.79142 59694.203864272975 2459694.7075395486 3552114.5 32531343000.0
1 5 3.792424 59694.203864272975 2459694.7075395486 3550528.0 11366830000000.0
1 5 3.793428 59694.203864272975 2459694.7075395486 3545623.2 14209471000000.0
1 5 3.794432 59694.203864272975 2459694.7075395486 3542017.5 2869438400000.0
1 5 3.795436 59694.203864272975 2459694.7075395486 3368615.0 5707591000000.0
1 5 3.79644 59694.203864272975 2459694.7075395486 3467470.0 2872132500000.0
1 5 3.797444 59694.203864272975 2459694.7075395486 3544438.8 8561161700000.0
1 5 3.798448 59694.203864272975 2459694.7075395486 3424441.0 30395972000.0
