demos/S3_2021-05-31_11-29-52_wasp43b/S3_wasp43b_spec_lc.txt
# %ECSV 0.9
# ---
# datatype:
# - {name: m, datatype: int8}
# - {name: n, datatype: int8}
# - {name: wavelength, datatype: float32}
# - {name: int_mid_MJD_UTC, datatype: float64}
# - {name: int_mid_BJD_TDB, datatype: float64}
# - {name: flux(MJy/sr), datatype: float32}
# - {name: err(MJr/sr), datatype: float32}
# schema: astropy-2.0
m n wavelength int_mid_MJD_UTC int_mid_BJD_TDB flux(MJy/sr) err(MJr/sr)
[from data line 1059]
0 0 3.513312 59694.20347004844 2459694.7071453533 3938843.8 39719875000.0
0 0 3.514316 59694.20347004844 2459694.7071453533 3854175.0 5570096500000.0
0 0 3.51532 59694.20347004844 2459694.7071453533 3846228.8 5560210600000.0
0 0 3.516324 59694.20347004844 2459694.7071453533 4025985.8 8313951000000.0
0 0 3.517328 59694.20347004844 2459694.7071453533 3906346.0 13806137000000.0
0 0 3.518332 59694.20347004844 2459694.7071453533 4039004.2 11043543000000.0
0 0 3.519336 59694.20347004844 2459694.7071453533 3873615.0 5532904600000.0
0 0 3.52034 59694.20347004844 2459694.7071453533 4045297.8 42623640000.0
0 0 3.521344 59694.20347004844 2459694.7071453533 3872244.8 2779584100000.0
0 0 3.522348 59694.20347004844 2459694.7071453533 3977681.8 40860058000.0
0 0 3.523352 59694.20347004844 2459694.7071453533 3973767.2 10985113000000.0
0 0 3.524356 59694.20347004844 2459694.7071453533 3938252.0 8240341500000.0
0 0 3.52536 59694.20347004844 2459694.7071453533 3924229.2 2770643700000.0
0 0 3.526364 59694.20347004844 2459694.7071453533 3971572.0 5497749000000.0
0 0 3.527368 59694.20347004844 2459694.7071453533 3922337.0 40071840000.0
0 0 3.528372 59694.20347004844 2459694.7071453533 3944663.2 5488507400000.0
0 0 3.529376 59694.20347004844 2459694.7071453533 3912533.2 5485257000000.0
0 0 3.53038 59694.20347004844 2459694.7071453533 3840652.2 5476694600000.0
0 0 3.531384 59694.20347004844 2459694.7071453533 3647628.2 8187928400000.0
0 0 3.532388 59694.20347004844 2459694.7071453533 3957133.2 40772567000.0
0 0 3.533392 59694.20347004844 2459694.7071453533 3914541.8 2754571400000.0
0 0 3.534396 59694.20347004844 2459694.7071453533 3905127.0 2749971000000.0
0 0 3.5354 59694.20347004844 2459694.7071453533 3965944.2 5455448400000.0
0 0 3.536404 59694.20347004844 2459694.7071453533 4019832.0 5453253000000.0
0 0 3.537408 59694.20347004844 2459694.7071453533 3910985.2 2743218700000.0
0 0 3.538412 59694.20347004844 2459694.7071453533 3866963.5 38692987000.0
0 0 3.539416 59694.20347004844 2459694.7071453533 3885674.0 38697832000.0
0 0 3.54042 59694.20347004844 2459694.7071453533 3928158.5 39469660000.0
0 0 3.541424 59694.20347004844 2459694.7071453533 3949156.5 5442341000000.0
0 0 3.542428 59694.20347004844 2459694.7071453533 3959013.5 2739307500000.0
0 0 3.543432 59694.20347004844 2459694.7071453533 3891801.2 5432340400000.0
0 0 3.544436 59694.20347004844 2459694.7071453533 3944668.8 2736173400000.0
0 0 3.54544 59694.20347004844 2459694.7071453533 3894256.8 38946046000.0
0 0 3.546444 59694.20347004844 2459694.7071453533 3828732.8 5430468000000.0
0 0 3.547448 59694.20347004844 2459694.7071453533 3657669.0 5427999300000.0
0 0 3.548452 59694.20347004844 2459694.7071453533 3834060.0 36829260000.0
0 0 3.549456 59694.20347004844 2459694.7071453533 3643985.0 8123120000000.0
0 0 3.55046 59694.20347004844 2459694.7071453533 3911902.2 2736300000000.0
0 0 3.551464 59694.20347004844 2459694.7071453533 3862382.0 2734694600000.0
0 0 3.552468 59694.20347004844 2459694.7071453533 3865009.0 5427097500000.0
0 0 3.553472 59694.20347004844 2459694.7071453533 3841159.5 5424727700000.0
0 0 3.554476 59694.20347004844 2459694.7071453533 3961789.2 2735097200000.0
0 0 3.55548 59694.20347004844 2459694.7071453533 3970880.2 2735964400000.0
0 0 3.556484 59694.20347004844 2459694.7071453533 3784429.5 5426924500000.0
0 0 3.557488 59694.20347004844 2459694.7071453533 3892318.2 2734971200000.0
0 0 3.558492 59694.20347004844 2459694.7071453533 3982465.8 40890106000.0
0 0 3.559496 59694.20347004844 2459694.7071453533 3840360.8 2734816800000.0
0 0 3.5605 59694.20347004844 2459694.7071453533 3829283.2 2735653300000.0
0 0 3.561504 59694.20347004844 2459694.7071453533 3928056.5 2736779400000.0
0 0 3.562508 59694.20347004844 2459694.7071453533 3777752.2 8127033400000.0
0 0 3.563512 59694.20347004844 2459694.7071453533 3818556.2 2734561000000.0
0 0 3.564516 59694.20347004844 2459694.7071453533 3874217.2 13523534000000.0
0 0 3.56552 59694.20347004844 2459694.7071453533 3902542.5 39222840000.0
0 0 3.566524 59694.20347004844 2459694.7071453533 3779401.0 37351784000.0
0 0 3.567528 59694.20347004844 2459694.7071453533 3618661.2 5423537000000.0
0 0 3.568532 59694.20347004844 2459694.7071453533 3642347.8 32537390000.0
0 0 3.569536 59694.20347004844 2459694.7071453533 3576610.2 31863327000.0
0 0 3.57054 59694.20347004844 2459694.7071453533 3764652.8 2725832000000.0
0 0 3.571544 59694.20347004844 2459694.7071453533 3799108.2 5417975400000.0
0 0 3.572548 59694.20347004844 2459694.7071453533 3769102.2 36543386000.0
0 0 3.573552 59694.20347004844 2459694.7071453533 3885931.8 5420190000000.0
0 0 3.574556 59694.20347004844 2459694.7071453533 3933364.8 2731233000000.0
0 0 3.57556 59694.20347004844 2459694.7071453533 3837583.5 37900796000.0
0 0 3.576564 59694.20347004844 2459694.7071453533 3651096.5 33932890000.0
0 0 3.577568 59694.20347004844 2459694.7071453533 3909902.0 2727337800000.0
0 0 3.578572 59694.20347004844 2459694.7071453533 3846158.5 37602430000.0
0 0 3.579576 59694.20347004844 2459694.7071453533 3751988.8 2720832200000.0
0 0 3.58058 59694.20347004844 2459694.7071453533 3725707.5 2720126500000.0
0 0 3.581584 59694.20347004844 2459694.7071453533 3865438.0 2723480900000.0
0 0 3.582588 59694.20347004844 2459694.7071453533 3866543.8 2723832100000.0
0 0 3.583592 59694.20347004844 2459694.7071453533 3839147.5 37649700000.0
0 0 3.584596 59694.20347004844 2459694.7071453533 3741787.0 2719256200000.0
0 0 3.5856 59694.20347004844 2459694.7071453533 3813625.8 5398401000000.0
0 0 3.586604 59694.20347004844 2459694.7071453533 3883892.5 2719108600000.0
0 0 3.587608 59694.20347004844 2459694.7071453533 3679598.0 34788190000.0
0 0 3.588612 59694.20347004844 2459694.7071453533 3822050.0 2718728000000.0
0 0 3.589616 59694.20347004844 2459694.7071453533 3882092.5 10760619000000.0
0 0 3.59062 59694.20347004844 2459694.7071453533 3780539.5 2716749000000.0
0 0 3.591624 59694.20347004844 2459694.7071453533 3833606.5 8081422400000.0
0 0 3.592628 59694.20347004844 2459694.7071453533 3834269.0 2719449000000.0
0 0 3.593632 59694.20347004844 2459694.7071453533 3765919.5 5402005000000.0
0 0 3.594636 59694.20347004844 2459694.7071453533 3823089.2 5404002600000.0
0 0 3.59564 59694.20347004844 2459694.7071453533 3905265.2 39139730000.0
0 0 3.596644 59694.20347004844 2459694.7071453533 3789408.2 37792000000.0
0 0 3.597648 59694.20347004844 2459694.7071453533 3503999.5 2715475200000.0
0 0 3.598652 59694.20347004844 2459694.7071453533 3780045.0 37349980000.0
0 0 3.599656 59694.20347004844 2459694.7071453533 3724220.8 16146762000000.0
0 0 3.60066 59694.20347004844 2459694.7071453533 3864161.5 5410133600000.0
0 0 3.601664 59694.20347004844 2459694.7071453533 3618356.2 8090384000000.0
0 0 3.602668 59694.20347004844 2459694.7071453533 3746934.2 35596165000.0
0 0 3.603672 59694.20347004844 2459694.7071453533 3839615.0 5403877000000.0
0 0 3.604676 59694.20347004844 2459694.7071453533 3753276.2 2716882200000.0
0 0 3.60568 59694.20347004844 2459694.7071453533 3784537.8 2718739200000.0
0 0 3.606684 59694.20347004844 2459694.7071453533 3763287.2 5400723000000.0
0 0 3.607688 59694.20347004844 2459694.7071453533 3660626.0 8083381700000.0
0 0 3.608692 59694.20347004844 2459694.7071453533 3863889.5 2722507800000.0
0 0 3.609696 59694.20347004844 2459694.7071453533 3659551.5 33920840000.0
0 0 3.6107 59694.20347004844 2459694.7071453533 3844262.8 2723083700000.0
0 0 3.611704 59694.20347004844 2459694.7071453533 3630179.2 2719629400000.0
0 0 3.612708 59694.20347004844 2459694.7071453533 3781224.2 36835920000.0
0 0 3.613712 59694.20347004844 2459694.7071453533 3704591.5 2722371500000.0
0 0 3.614716 59694.20347004844 2459694.7071453533 3867636.0 5414842000000.0
0 0 3.61572 59694.20347004844 2459694.7071453533 3692778.5 5412163700000.0
0 0 3.616724 59694.20347004844 2459694.7071453533 3549303.5 2720477700000.0
0 0 3.617728 59694.20347004844 2459694.7071453533 3527734.2 2722254600000.0
0 0 3.618732 59694.20347004844 2459694.7071453533 3877893.8 2728633800000.0
0 0 3.619736 59694.20347004844 2459694.7071453533 3643963.8 34570990000.0
0 0 3.62074 59694.20347004844 2459694.7071453533 3866839.2 2727208600000.0
0 0 3.621744 59694.20347004844 2459694.7071453533 3782849.5 8103758000000.0
0 0 3.622748 59694.20347004844 2459694.7071453533 3549477.0 32462540000.0
0 0 3.623752 59694.20347004844 2459694.7071453533 3693304.8 2726358700000.0
0 0 3.624756 59694.20347004844 2459694.7071453533 3828374.2 2729684800000.0
0 0 3.62576 59694.20347004844 2459694.7071453533 3724241.8 8116319000000.0
0 0 3.626764 59694.20347004844 2459694.7071453533 3767400.0 10814236000000.0
0 0 3.627768 59694.20347004844 2459694.7071453533 3579435.0 2729212600000.0
0 0 3.628772 59694.20347004844 2459694.7071453533 3754382.5 2732621000000.0
0 0 3.629776 59694.20347004844 2459694.7071453533 3717226.0 35350057000.0
0 0 3.63078 59694.20347004844 2459694.7071453533 3428123.2 5427319000000.0
0 0 3.631784 59694.20347004844 2459694.7071453533 3677701.8 5433915000000.0
0 0 3.632788 59694.20347004844 2459694.7071453533 3656864.8 2734713200000.0
0 0 3.633792 59694.20347004844 2459694.7071453533 3674193.5 10836061000000.0
0 0 3.634796 59694.20347004844 2459694.7071453533 3756394.2 8139094600000.0
0 0 3.6358 59694.20347004844 2459694.7071453533 3710711.0 2737201500000.0
0 0 3.636804 59694.20347004844 2459694.7071453533 3746326.5 36265947000.0
0 0 3.637808 59694.20347004844 2459694.7071453533 3632611.0 2737476000000.0
0 0 3.638812 59694.20347004844 2459694.7071453533 3633647.5 5441169400000.0
0 0 3.639816 59694.20347004844 2459694.7071453533 3580450.5 8144930000000.0
0 0 3.64082 59694.20347004844 2459694.7071453533 3522514.8 2735799800000.0
0 0 3.641824 59694.20347004844 2459694.7071453533 3691847.8 10855766000000.0
0 0 3.642828 59694.20347004844 2459694.7071453533 3589322.0 32317327000.0
0 0 3.643832 59694.20347004844 2459694.7071453533 3741140.2 8152163000000.0
0 0 3.644836 59694.20347004844 2459694.7071453533 3734496.2 8152874500000.0
0 0 3.64584 59694.20347004844 2459694.7071453533 3794844.0 37387010000.0
0 0 3.646844 59694.20347004844 2459694.7071453533 3678524.5 2741626200000.0
0 0 3.647848 59694.20347004844 2459694.7071453533 3573425.0 2739915200000.0
0 0 3.648852 59694.20347004844 2459694.7071453533 3672472.8 8152773000000.0
0 0 3.649856 59694.20347004844 2459694.7071453533 3356299.5 5436973000000.0
0 0 3.65086 59694.20347004844 2459694.7071453533 3616555.0 33556834000.0
0 0 3.651864 59694.20347004844 2459694.7071453533 3617524.5 5436260500000.0
0 0 3.652868 59694.20347004844 2459694.7071453533 3680786.2 5437220000000.0
0 0 3.653872 59694.20347004844 2459694.7071453533 3534721.8 8134194000000.0
0 0 3.654876 59694.20347004844 2459694.7071453533 3395919.5 5430878700000.0
0 0 3.65588 59694.20347004844 2459694.7071453533 3582149.2 5433925000000.0
0 0 3.656884 59694.20347004844 2459694.7071453533 3634676.2 2734124400000.0
0 0 3.657888 59694.20347004844 2459694.7071453533 3269677.2 2726430000000.0
0 0 3.658892 59694.20347004844 2459694.7071453533 3482616.0 2730513100000.0
0 0 3.659896 59694.20347004844 2459694.7071453533 3620043.2 2734255800000.0
0 0 3.6609 59694.20347004844 2459694.7071453533 3621612.2 5435573000000.0
0 0 3.661904 59694.20347004844 2459694.7071453533 3785304.8 2738737000000.0
0 0 3.662908 59694.20347004844 2459694.7071453533 3659332.0 2736913600000.0
0 0 3.663912 59694.20347004844 2459694.7071453533 3752190.2 8147178000000.0
0 0 3.664916 59694.20347004844 2459694.7071453533 3758829.0 8149020000000.0
0 0 3.66592 59694.20347004844 2459694.7071453533 3560075.2 8146113300000.0
0 0 3.666924 59694.20347004844 2459694.7071453533 3597019.0 2737488000000.0
0 0 3.667928 59694.20347004844 2459694.7071453533 3339909.8 5438417400000.0
0 0 3.668932 59694.20347004844 2459694.7071453533 3542614.0 5440871600000.0
0 0 3.669936 59694.20347004844 2459694.7071453533 3501136.8 5434820300000.0
0 0 3.67094 59694.20347004844 2459694.7071453533 3648715.2 33518756000.0
0 0 3.671944 59694.20347004844 2459694.7071453533 3588347.2 8137528000000.0
0 0 3.672948 59694.20347004844 2459694.7071453533 3682473.8 35201300000.0
0 0 3.673952 59694.20347004844 2459694.7071453533 3720406.2 2737422500000.0
0 0 3.674956 59694.20347004844 2459694.7071453533 3662968.2 34434170000.0
0 0 3.67596 59694.20347004844 2459694.7071453533 3554220.8 5438235000000.0
0 0 3.676964 59694.20347004844 2459694.7071453533 3669056.0 2737740400000.0
0 0 3.677968 59694.20347004844 2459694.7071453533 3684076.5 10847762000000.0
0 0 3.678972 59694.20347004844 2459694.7071453533 3695206.2 35132490000.0
0 0 3.679976 59694.20347004844 2459694.7071453533 3431047.5 29169566000.0
0 0 3.68098 59694.20347004844 2459694.7071453533 3481909.0 2734436000000.0
0 0 3.681984 59694.20347004844 2459694.7071453533 3716576.2 35332026000.0
0 0 3.682988 59694.20347004844 2459694.7071453533 3748040.5 5444660000000.0
0 0 3.683992 59694.20347004844 2459694.7071453533 3370280.2 8151431600000.0
0 0 3.684996 59694.20347004844 2459694.7071453533 3743466.8 5446671000000.0
0 0 3.686 59694.20347004844 2459694.7071453533 3747307.5 2741842200000.0
0 0 3.687004 59694.20347004844 2459694.7071453533 3529173.8 2738194700000.0
0 0 3.688008 59694.20347004844 2459694.7071453533 3628876.8 2740361000000.0
0 0 3.689012 59694.20347004844 2459694.7071453533 3727648.8 2742952700000.0
0 0 3.690016 59694.20347004844 2459694.7071453533 3760632.0 2744471800000.0
0 0 3.69102 59694.20347004844 2459694.7071453533 3600586.0 2742879800000.0
0 0 3.692024 59694.20347004844 2459694.7071453533 3673596.5 5456365400000.0
0 0 3.693028 59694.20347004844 2459694.7071453533 3747271.5 2746598300000.0
0 0 3.694032 59694.20347004844 2459694.7071453533 4413881.0 5475695300000.0
0 0 3.695036 59694.20347004844 2459694.7071453533 3700196.2 34686160000.0
0 0 3.69604 59694.20347004844 2459694.7071453533 3527269.0 5453238000000.0
0 0 3.697044 59694.20347004844 2459694.7071453533 3607795.0 5458437000000.0
0 0 3.698048 59694.20347004844 2459694.7071453533 3571702.0 33746500000.0
0 0 3.699052 59694.20347004844 2459694.7071453533 3676664.8 34913160000.0
0 0 3.700056 59694.20347004844 2459694.7071453533 3691066.2 5469378700000.0
0 0 3.70106 59694.20347004844 2459694.7071453533 3501474.0 8188925600000.0
0 0 3.702064 59694.20347004844 2459694.7071453533 3594148.5 5474977600000.0
0 0 3.703068 59694.20347004844 2459694.7071453533 3662340.0 33924500000.0
0 0 3.704072 59694.20347004844 2459694.7071453533 3617989.0 5484494500000.0
0 0 3.705076 59694.20347004844 2459694.7071453533 3514878.8 8214112400000.0
0 0 3.70608 59694.20347004844 2459694.7071453533 3340613.8 8216870000000.0
0 0 3.707084 59694.20347004844 2459694.7071453533 3586395.8 5496841400000.0
0 0 3.708088 59694.20347004844 2459694.7071453533 3591373.0 10967207000000.0
0 0 3.709092 59694.20347004844 2459694.7071453533 3553882.8 10974066000000.0
0 0 3.710096 59694.20347004844 2459694.7071453533 3567962.0 10982036000000.0
0 0 3.7111 59694.20347004844 2459694.7071453533 3369518.5 8245289700000.0
0 0 3.712104 59694.20347004844 2459694.7071453533 3515782.5 10993077000000.0
0 0 3.713108 59694.20347004844 2459694.7071453533 3571191.8 5516544000000.0
0 0 3.714112 59694.20347004844 2459694.7071453533 3613248.5 2777631700000.0
0 0 3.715116 59694.20347004844 2459694.7071453533 3611269.0 34109500000.0
0 0 3.71612 59694.20347004844 2459694.7071453533 3489250.2 2777837000000.0
0 0 3.717124 59694.20347004844 2459694.7071453533 3418196.0 8275161000000.0
0 0 3.718128 59694.20347004844 2459694.7071453533 3528139.0 11032218000000.0
0 0 3.719132 59694.20347004844 2459694.7071453533 3627252.5 8289253300000.0
0 0 3.720136 59694.20347004844 2459694.7071453533 3545510.0 2786272700000.0
0 0 3.72114 59694.20347004844 2459694.7071453533 3524250.0 32690272000.0
0 0 3.722144 59694.20347004844 2459694.7071453533 3536694.8 2789147400000.0
0 0 3.723148 59694.20347004844 2459694.7071453533 3588094.2 2790844500000.0
0 0 3.724152 59694.20347004844 2459694.7071453533 3613957.2 8312625600000.0
0 0 3.725156 59694.20347004844 2459694.7071453533 3622379.8 2794395300000.0
