demos/S3_2021-05-31_11-29-52_wasp43b/S3_wasp43b_spec_lc.txt
# %ECSV 0.9
# ---
# datatype:
# - {name: m, datatype: int8}
# - {name: n, datatype: int8}
# - {name: wavelength, datatype: float32}
# - {name: int_mid_MJD_UTC, datatype: float64}
# - {name: int_mid_BJD_TDB, datatype: float64}
# - {name: flux(MJy/sr), datatype: float32}
# - {name: err(MJr/sr), datatype: float32}
# schema: astropy-2.0
m n wavelength int_mid_MJD_UTC int_mid_BJD_TDB flux(MJy/sr) err(MJr/sr)
[from data line 16512]
1 3 2.964124 59694.20370658316 2459694.70738187 5262198.5 71781400000.0
1 3 2.965128 59694.20370658316 2459694.70738187 4941017.5 4473054000000.0
1 3 2.966132 59694.20370658316 2459694.70738187 5194335.0 4489193500000.0
1 3 2.967136 59694.20370658316 2459694.70738187 5178999.5 8923016000000.0
1 3 2.96814 59694.20370658316 2459694.70738187 5213186.0 8938514000000.0
1 3 2.969144 59694.20370658316 2459694.70738187 5258745.5 72498390000.0
1 3 2.970148 59694.20370658316 2459694.70738187 5178529.5 13419252000000.0
1 3 2.971152 59694.20370658316 2459694.70738187 5285647.0 4529745600000.0
1 3 2.972156 59694.20370658316 2459694.70738187 5148561.0 4532626500000.0
1 3 2.97316 59694.20370658316 2459694.70738187 4774025.0 8998979000000.0
1 3 2.974164 59694.20370658316 2459694.70738187 5179248.0 4542711000000.0
1 3 2.975168 59694.20370658316 2459694.70738187 5022271.5 9012171000000.0
1 3 2.976172 59694.20370658316 2459694.70738187 5169310.0 4539450700000.0
1 3 2.977176 59694.20370658316 2459694.70738187 5221453.5 70083570000.0
1 3 2.97818 59694.20370658316 2459694.70738187 5314060.5 4549693000000.0
1 3 2.979184 59694.20370658316 2459694.70738187 5294752.0 72795170000.0
1 3 2.980188 59694.20370658316 2459694.70738187 5305637.5 72808170000.0
1 3 2.981192 59694.20370658316 2459694.70738187 5200215.0 9061656000000.0
1 3 2.982196 59694.20370658316 2459694.70738187 4815023.0 59552035000.0
1 3 2.9832 59694.20370658316 2459694.70738187 5223443.5 4582242500000.0
1 3 2.984204 59694.20370658316 2459694.70738187 5023964.0 63304010000.0
1 3 2.985208 59694.20370658316 2459694.70738187 5137833.0 9118163000000.0
1 3 2.986212 59694.20370658316 2459694.70738187 4806646.0 9122095000000.0
1 3 2.987216 59694.20370658316 2459694.70738187 4872718.0 9139191000000.0
1 3 2.98822 59694.20370658316 2459694.70738187 5156894.0 4609936000000.0
1 3 2.989224 59694.20370658316 2459694.70738187 5222208.5 22788272000000.0
1 3 2.990228 59694.20370658316 2459694.70738187 4894978.5 9156088000000.0
1 3 2.991232 59694.20370658316 2459694.70738187 5060659.0 66216944000.0
1 3 2.992236 59694.20370658316 2459694.70738187 4913601.0 22833837000000.0
1 3 2.99324 59694.20370658316 2459694.70738187 5243641.5 4627628600000.0
1 3 2.994244 59694.20370658316 2459694.70738187 5182317.5 9183876000000.0
1 3 2.995248 59694.20370658316 2459694.70738187 5000920.0 9181927000000.0
1 3 2.996252 59694.20370658316 2459694.70738187 4654802.5 18299897000000.0
1 3 2.997256 59694.20370658316 2459694.70738187 5115911.5 9194796000000.0
1 3 2.99826 59694.20370658316 2459694.70738187 5096406.5 4633461000000.0
1 3 2.999264 59694.20370658316 2459694.70738187 5091945.0 9200354000000.0
1 3 3.000268 59694.20370658316 2459694.70738187 5004394.0 9203448000000.0
1 3 3.001272 59694.20370658316 2459694.70738187 4795575.5 4634138600000.0
1 3 3.002276 59694.20370658316 2459694.70738187 4906084.5 4637208000000.0
1 3 3.00328 59694.20370658316 2459694.70738187 4768476.5 9220623000000.0
1 3 3.004284 59694.20370658316 2459694.70738187 4794876.5 4648380000000.0
1 3 3.005288 59694.20370658316 2459694.70738187 4419759.5 9240104000000.0
1 3 3.006292 59694.20370658316 2459694.70738187 4842515.5 4658111000000.0
1 3 3.007296 59694.20370658316 2459694.70738187 4945921.5 9268110000000.0
1 3 3.0083 59694.20370658316 2459694.70738187 5061977.0 13889301000000.0
1 3 3.009304 59694.20370658316 2459694.70738187 4843233.0 9291767000000.0
1 3 3.010308 59694.20370658316 2459694.70738187 4882974.0 62052990000.0
1 3 3.011312 59694.20370658316 2459694.70738187 4826119.0 9311654000000.0
1 3 3.012316 59694.20370658316 2459694.70738187 4973810.0 13948384000000.0
1 3 3.01332 59694.20370658316 2459694.70738187 4694602.0 9317133000000.0
1 3 3.014324 59694.20370658316 2459694.70738187 4850150.0 27871196000000.0
1 3 3.015328 59694.20370658316 2459694.70738187 4660744.5 18612612000000.0
1 3 3.016332 59694.20370658316 2459694.70738187 4823917.0 4704785400000.0
1 3 3.017336 59694.20370658316 2459694.70738187 4905969.0 61339595000.0
1 3 3.01834 59694.20370658316 2459694.70738187 4486587.0 9355380000000.0
1 3 3.019344 59694.20370658316 2459694.70738187 4957320.0 9376333000000.0
1 3 3.020348 59694.20370658316 2459694.70738187 4934292.0 61639766000.0
1 3 3.021352 59694.20370658316 2459694.70738187 4506286.0 4724163600000.0
1 3 3.022356 59694.20370658316 2459694.70738187 4936964.5 61550680000.0
1 3 3.02336 59694.20370658316 2459694.70738187 4941037.5 63270662000.0
1 3 3.024364 59694.20370658316 2459694.70738187 4543833.0 9455443000000.0
1 3 3.025368 59694.20370658316 2459694.70738187 4596500.0 14191210000000.0
1 3 3.026372 59694.20370658316 2459694.70738187 4740287.0 14228778000000.0
1 3 3.027376 59694.20370658316 2459694.70738187 4936964.0 9533169000000.0
1 3 3.02838 59694.20370658316 2459694.70738187 4852270.0 9553236000000.0
1 3 3.029384 59694.20370658316 2459694.70738187 4548004.5 14329846000000.0
1 3 3.030388 59694.20370658316 2459694.70738187 4984962.5 64253542000.0
1 3 3.031392 59694.20370658316 2459694.70738187 4526150.5 19156364000000.0
1 3 3.032396 59694.20370658316 2459694.70738187 4930560.5 9630600000000.0
1 3 3.0334 59694.20370658316 2459694.70738187 4969115.0 4853932000000.0
1 3 3.034404 59694.20370658316 2459694.70738187 4918978.5 61684175000.0
1 3 3.035408 59694.20370658316 2459694.70738187 4981872.0 4868948000000.0
1 3 3.036412 59694.20370658316 2459694.70738187 4606444.0 9673049000000.0
1 3 3.037416 59694.20370658316 2459694.70738187 4856312.5 4874485400000.0
1 3 3.03842 59694.20370658316 2459694.70738187 4833855.5 58506842000.0
1 3 3.039424 59694.20370658316 2459694.70738187 4695860.5 56751546000.0
1 3 3.040428 59694.20370658316 2459694.70738187 5020674.5 4900525700000.0
1 3 3.041432 59694.20370658316 2459694.70738187 4884779.0 9743279000000.0
1 3 3.042436 59694.20370658316 2459694.70738187 4778763.0 9750408000000.0
1 3 3.04344 59694.20370658316 2459694.70738187 4799999.5 14615260000000.0
1 3 3.044444 59694.20370658316 2459694.70738187 4839671.5 4918114500000.0
1 3 3.045448 59694.20370658316 2459694.70738187 4991555.0 9791351000000.0
1 3 3.046452 59694.20370658316 2459694.70738187 5052412.5 9806219000000.0
1 3 3.047456 59694.20370658316 2459694.70738187 4922808.0 4937905000000.0
1 3 3.04846 59694.20370658316 2459694.70738187 4801918.0 4938574000000.0
1 3 3.049464 59694.20370658316 2459694.70738187 4938223.5 4942815300000.0
1 3 3.050468 59694.20370658316 2459694.70738187 4885962.5 59410276000.0
1 3 3.051472 59694.20370658316 2459694.70738187 4743184.0 14745082000000.0
1 3 3.052476 59694.20370658316 2459694.70738187 5034076.5 65888890000.0
1 3 3.05348 59694.20370658316 2459694.70738187 5022048.0 4981464000000.0
1 3 3.054484 59694.20370658316 2459694.70738187 4924763.5 4987594000000.0
1 3 3.055488 59694.20370658316 2459694.70738187 5003113.0 4997803000000.0
1 3 3.056492 59694.20370658316 2459694.70738187 4803661.5 4999548000000.0
1 3 3.057496 59694.20370658316 2459694.70738187 4926091.5 9966316000000.0
1 3 3.0585 59694.20370658316 2459694.70738187 5051726.0 14948979000000.0
1 3 3.059504 59694.20370658316 2459694.70738187 5034599.0 66483030000.0
1 3 3.060508 59694.20370658316 2459694.70738187 5026515.5 10012652000000.0
1 3 3.061512 59694.20370658316 2459694.70738187 5066468.5 10016977000000.0
1 3 3.062516 59694.20370658316 2459694.70738187 5108584.5 19968284000000.0
1 3 3.06352 59694.20370658316 2459694.70738187 4921358.5 5036180500000.0
1 3 3.064524 59694.20370658316 2459694.70738187 4879908.0 5033515000000.0
1 3 3.065528 59694.20370658316 2459694.70738187 4785003.5 5024707500000.0
1 3 3.066532 59694.20370658316 2459694.70738187 4946828.0 62782214000.0
1 3 3.067536 59694.20370658316 2459694.70738187 4831748.5 9973317000000.0
1 3 3.06854 59694.20370658316 2459694.70738187 4819065.5 59981525000.0
1 3 3.069544 59694.20370658316 2459694.70738187 4849155.5 63385076000.0
1 3 3.070548 59694.20370658316 2459694.70738187 4830035.0 5004427000000.0
1 3 3.071552 59694.20370658316 2459694.70738187 4467879.5 4996592600000.0
1 3 3.072556 59694.20370658316 2459694.70738187 4803205.0 59462095000.0
1 3 3.07356 59694.20370658316 2459694.70738187 5003280.0 9965623000000.0
1 3 3.074564 59694.20370658316 2459694.70738187 4927943.5 24820085000000.0
1 3 3.075568 59694.20370658316 2459694.70738187 4931473.5 5015867500000.0
1 3 3.076572 59694.20370658316 2459694.70738187 4959811.5 5017638500000.0
1 3 3.077576 59694.20370658316 2459694.70738187 4866803.0 62877200000.0
1 3 3.07858 59694.20370658316 2459694.70738187 4985578.0 9970766000000.0
1 3 3.079584 59694.20370658316 2459694.70738187 4842182.0 61102535000.0
1 3 3.080588 59694.20370658316 2459694.70738187 4953846.0 5011879000000.0
1 3 3.081592 59694.20370658316 2459694.70738187 4929836.0 19820746000000.0
1 3 3.082596 59694.20370658316 2459694.70738187 4883903.0 14851547000000.0
1 3 3.0836 59694.20370658316 2459694.70738187 4717320.5 14819443000000.0
1 3 3.084604 59694.20370658316 2459694.70738187 4642539.0 56559470000.0
1 3 3.085608 59694.20370658316 2459694.70738187 4309260.5 4949339000000.0
1 3 3.086612 59694.20370658316 2459694.70738187 4478366.0 52157735000.0
1 3 3.087616 59694.20370658316 2459694.70738187 4753744.5 4939073000000.0
1 3 3.08862 59694.20370658316 2459694.70738187 4772003.0 9797119000000.0
1 3 3.089624 59694.20370658316 2459694.70738187 4582542.5 14629112000000.0
1 3 3.090628 59694.20370658316 2459694.70738187 4695618.0 56929220000.0
1 3 3.091632 59694.20370658316 2459694.70738187 4860449.0 62230060000.0
1 3 3.092636 59694.20370658316 2459694.70738187 4902744.0 61579190000.0
1 3 3.09364 59694.20370658316 2459694.70738187 4880538.0 4861774000000.0
1 3 3.094644 59694.20370658316 2459694.70738187 4936762.0 63473193000.0
1 3 3.095648 59694.20370658316 2459694.70738187 4894311.5 9589328000000.0
1 3 3.096652 59694.20370658316 2459694.70738187 4829520.5 59899113000.0
1 3 3.097656 59694.20370658316 2459694.70738187 4861974.0 9532460000000.0
1 3 3.09866 59694.20370658316 2459694.70738187 4865157.5 4782003000000.0
1 3 3.099664 59694.20370658316 2459694.70738187 4777189.0 4765971000000.0
1 3 3.100668 59694.20370658316 2459694.70738187 4818547.0 4754053000000.0
1 3 3.101672 59694.20370658316 2459694.70738187 4475781.0 4736363000000.0
1 3 3.102676 59694.20370658316 2459694.70738187 4800072.5 4734568000000.0
1 3 3.10368 59694.20370658316 2459694.70738187 4417095.0 9381958000000.0
1 3 3.104684 59694.20370658316 2459694.70738187 4632803.0 4711583300000.0
1 3 3.105688 59694.20370658316 2459694.70738187 4726488.5 55558870000.0
1 3 3.106692 59694.20370658316 2459694.70738187 4385732.5 46160208000.0
1 3 3.107696 59694.20370658316 2459694.70738187 4546403.5 4676453400000.0
1 3 3.1087 59694.20370658316 2459694.70738187 4729350.5 4672919000000.0
1 3 3.109704 59694.20370658316 2459694.70738187 4811802.5 9271050000000.0
1 3 3.110708 59694.20370658316 2459694.70738187 4524516.0 53247520000.0
1 3 3.111712 59694.20370658316 2459694.70738187 4314058.5 9214684000000.0
1 3 3.112716 59694.20370658316 2459694.70738187 4740303.5 58408194000.0
1 3 3.11372 59694.20370658316 2459694.70738187 4676006.0 4618149400000.0
1 3 3.114724 59694.20370658316 2459694.70738187 4596976.5 9153401000000.0
1 3 3.115728 59694.20370658316 2459694.70738187 4426678.5 13663894000000.0
1 3 3.116732 59694.20370658316 2459694.70738187 4524000.0 13633797000000.0
1 3 3.117736 59694.20370658316 2459694.70738187 4776848.0 9090781000000.0
1 3 3.11874 59694.20370658316 2459694.70738187 4781449.5 4564608000000.0
1 3 3.119744 59694.20370658316 2459694.70738187 4754154.5 13538968000000.0
1 3 3.120748 59694.20370658316 2459694.70738187 4696631.0 9007176000000.0
1 3 3.121752 59694.20370658316 2459694.70738187 4733201.5 4513602700000.0
1 3 3.122756 59694.20370658316 2459694.70738187 4543545.0 54194733000.0
1 3 3.12376 59694.20370658316 2459694.70738187 4618955.0 8903758000000.0
1 3 3.124764 59694.20370658316 2459694.70738187 4815799.0 58450070000.0
1 3 3.125768 59694.20370658316 2459694.70738187 4723509.5 17641805000000.0
1 3 3.126772 59694.20370658316 2459694.70738187 4816919.5 58944290000.0
1 3 3.127776 59694.20370658316 2459694.70738187 4719885.5 8794177000000.0
1 3 3.12878 59694.20370658316 2459694.70738187 4723470.5 58027700000.0
1 3 3.129784 59694.20370658316 2459694.70738187 4590237.0 4393918300000.0
1 3 3.130788 59694.20370658316 2459694.70738187 4714888.5 4387427300000.0
1 3 3.131792 59694.20370658316 2459694.70738187 4789549.5 8697578000000.0
1 3 3.132796 59694.20370658316 2459694.70738187 4769755.5 4366820400000.0
1 3 3.1338 59694.20370658316 2459694.70738187 4796413.0 59665863000.0
1 3 3.134804 59694.20370658316 2459694.70738187 4620600.0 4342543500000.0
1 3 3.135808 59694.20370658316 2459694.70738187 4670466.5 8613699500000.0
1 3 3.136812 59694.20370658316 2459694.70738187 4805759.5 4328370500000.0
1 3 3.137816 59694.20370658316 2459694.70738187 4661179.0 8574422500000.0
1 3 3.13882 59694.20370658316 2459694.70738187 4815398.5 4310046900000.0
1 3 3.139824 59694.20370658316 2459694.70738187 4673091.0 4298036200000.0
1 3 3.140828 59694.20370658316 2459694.70738187 4701762.5 4288146800000.0
1 3 3.141832 59694.20370658316 2459694.70738187 4753260.0 58807087000.0
1 3 3.142836 59694.20370658316 2459694.70738187 4789551.5 8474102600000.0
1 3 3.14384 59694.20370658316 2459694.70738187 4684221.0 4255069000000.0
1 3 3.144844 59694.20370658316 2459694.70738187 4544054.0 53039337000.0
1 3 3.145848 59694.20370658316 2459694.70738187 4341410.5 12576654000000.0
1 3 3.146852 59694.20370658316 2459694.70738187 4794855.0 16716027000000.0
1 3 3.147856 59694.20370658316 2459694.70738187 4748168.5 58679013000.0
1 3 3.14886 59694.20370658316 2459694.70738187 4766609.0 8327141000000.0
1 3 3.149864 59694.20370658316 2459694.70738187 4616095.0 4178841200000.0
1 3 3.150868 59694.20370658316 2459694.70738187 4679813.5 4170291300000.0
1 3 3.151872 59694.20370658316 2459694.70738187 4552152.0 8259918000000.0
1 3 3.152876 59694.20370658316 2459694.70738187 4452068.0 8237011700000.0
1 3 3.15388 59694.20370658316 2459694.70738187 4574608.0 12302695000000.0
1 3 3.154884 59694.20370658316 2459694.70738187 4712090.0 4129878400000.0
1 3 3.155888 59694.20370658316 2459694.70738187 4339175.5 48528680000.0
1 3 3.156892 59694.20370658316 2459694.70738187 4797133.5 16272976000000.0
1 3 3.157896 59694.20370658316 2459694.70738187 4677504.0 8142170600000.0
1 3 3.1589 59694.20370658316 2459694.70738187 4752183.5 4092297000000.0
1 3 3.159904 59694.20370658316 2459694.70738187 4652494.5 12126125000000.0
1 3 3.160908 59694.20370658316 2459694.70738187 4633466.0 55832228000.0
1 3 3.161912 59694.20370658316 2459694.70738187 4545784.5 4057869800000.0
1 3 3.162916 59694.20370658316 2459694.70738187 4790691.5 59883590000.0
1 3 3.16392 59694.20370658316 2459694.70738187 4744735.5 8030938000000.0
1 3 3.164924 59694.20370658316 2459694.70738187 4594259.0 8008962000000.0
1 3 3.165928 59694.20370658316 2459694.70738187 4361505.0 47281630000.0
1 3 3.166932 59694.20370658316 2459694.70738187 3977247.2 7959615600000.0
1 3 3.167936 59694.20370658316 2459694.70738187 4743717.0 4007349000000.0
1 3 3.16894 59694.20370658316 2459694.70738187 4799740.0 3999405400000.0
1 3 3.169944 59694.20370658316 2459694.70738187 4674229.5 11844343000000.0
1 3 3.170948 59694.20370658316 2459694.70738187 4798335.0 60491207000.0
1 3 3.171952 59694.20370658316 2459694.70738187 4652619.5 55778240000.0
1 3 3.172956 59694.20370658316 2459694.70738187 4736629.0 3942258300000.0
1 3 3.17396 59694.20370658316 2459694.70738187 4436582.5 7788195500000.0
1 3 3.174964 59694.20370658316 2459694.70738187 4498624.0 7762181400000.0
1 3 3.175968 59694.20370658316 2459694.70738187 4457070.0 11577696000000.0
1 3 3.176972 59694.20370658316 2459694.70738187 3975618.8 40000496000.0
1 3 3.177976 59694.20370658316 2459694.70738187 4458711.5 7683812400000.0
1 3 3.17898 59694.20370658316 2459694.70738187 4488389.5 11458830000000.0
1 3 3.179984 59694.20370658316 2459694.70738187 4592732.5 3846111200000.0
1 3 3.180988 59694.20370658316 2459694.70738187 4637573.0 3833812700000.0
