demos/S3_2021-05-31_11-29-52_wasp43b/S3_wasp43b_spec_lc.txt
# %ECSV 0.9
# ---
# datatype:
# - {name: m, datatype: int8}
# - {name: n, datatype: int8}
# - {name: wavelength, datatype: float32}
# - {name: int_mid_MJD_UTC, datatype: float64}
# - {name: int_mid_BJD_TDB, datatype: float64}
# - {name: flux(MJy/sr), datatype: float32}
# - {name: err(MJr/sr), datatype: float32}
# schema: astropy-2.0
m n wavelength int_mid_MJD_UTC int_mid_BJD_TDB flux(MJy/sr) err(MJr/sr)
[from data line 12694]
1 0 3.950052 59694.20347004844 2459694.7071453533 3134598.8 12889488000000.0
1 0 3.951056 59694.20347004844 2459694.7071453533 3472486.8 9689900000000.0
1 0 3.95206 59694.20347004844 2459694.7071453533 3264216.5 9703448000000.0
1 0 3.953064 59694.20347004844 2459694.7071453533 3121386.2 12947801000000.0
1 0 3.954068 59694.20347004844 2459694.7071453533 3075408.0 25917690000000.0
1 0 3.955072 59694.20347004844 2459694.7071453533 3148621.8 16241658000000.0
1 0 3.956076 59694.20347004844 2459694.7071453533 3231545.8 16277987000000.0
1 0 3.95708 59694.20347004844 2459694.7071453533 3130515.2 3283684200000.0
1 0 3.958084 59694.20347004844 2459694.7071453533 3159134.8 9826657000000.0
1 0 3.959088 59694.20347004844 2459694.7071453533 3238948.0 16410860000000.0
1 0 3.960092 59694.20347004844 2459694.7071453533 3237011.8 3314275600000.0
1 0 3.961096 59694.20347004844 2459694.7071453533 3194092.8 19816866000000.0
1 0 3.9621 59694.20347004844 2459694.7071453533 3238201.0 6649275000000.0
1 0 3.963104 59694.20347004844 2459694.7071453533 3167141.8 6675089600000.0
1 0 3.964108 59694.20347004844 2459694.7071453533 3182533.5 13384256000000.0
1 0 3.965112 59694.20347004844 2459694.7071453533 3124727.5 10092294000000.0
1 0 3.966116 59694.20347004844 2459694.7071453533 3168548.5 26174005000.0
1 0 3.96712 59694.20347004844 2459694.7071453533 3169937.5 10204550000000.0
1 0 3.968124 59694.20347004844 2459694.7071453533 3157318.5 3439302500000.0
1 0 3.969128 59694.20347004844 2459694.7071453533 3053634.5 6890121600000.0
1 0 3.970132 59694.20347004844 2459694.7071453533 3114713.8 10386130000000.0
1 0 3.971136 59694.20347004844 2459694.7071453533 3167134.8 24379472000000.0
1 0 3.97214 59694.20347004844 2459694.7071453533 3109531.2 3532076600000.0
1 0 3.973144 59694.20347004844 2459694.7071453533 3129461.5 10639276000000.0
1 0 3.974148 59694.20347004844 2459694.7071453533 3008804.5 7166305500000.0
1 0 3.975152 59694.20347004844 2459694.7071453533 3122187.0 3632638200000.0
1 0 3.976156 59694.20347004844 2459694.7071453533 3028824.2 14605478000000.0
1 0 3.97716 59694.20347004844 2459694.7071453533 3109394.0 11076177000000.0
1 0 3.978164 59694.20347004844 2459694.7071453533 3029315.8 7471429000000.0
1 0 3.979168 59694.20347004844 2459694.7071453533 3030361.0 33959100000000.0
1 0 3.980172 59694.20347004844 2459694.7071453533 2976086.8 15308965000000.0
1 0 3.981176 59694.20347004844 2459694.7071453533 2995908.8 7775834000000.0
1 0 3.98218 59694.20347004844 2459694.7071453533 2892648.2 19699037000000.0
1 0 3.983184 59694.20347004844 2459694.7071453533 2909683.8 4020616000000.0
1 0 3.984188 59694.20347004844 2459694.7071453533 3047192.2 24219520000.0
1 0 3.985192 59694.20347004844 2459694.7071453533 2956731.5 16582520000000.0
1 0 3.986196 59694.20347004844 2459694.7071453533 2986065.2 16897654000000.0
1 0 3.9872 59694.20347004844 2459694.7071453533 2919276.0 12929506000000.0
1 0 3.988204 59694.20347004844 2459694.7071453533 2745709.2 21979025000000.0
1 0 3.989208 59694.20347004844 2459694.7071453533 2858064.0 31436432000000.0
1 0 3.990212 59694.20347004844 2459694.7071453533 2826792.2 18383340000000.0
1 0 3.991216 59694.20347004844 2459694.7071453533 2909180.8 32921163000000.0
1 0 3.99222 59694.20347004844 2459694.7071453533 2884859.2 19288065000000.0
1 0 3.993224 59694.20347004844 2459694.7071453533 2685576.2 9901945000000.0
1 0 3.994228 59694.20347004844 2459694.7071453533 2834723.0 20324863000000.0
1 0 3.995232 59694.20347004844 2459694.7071453533 2831065.0 10458974000000.0
1 0 3.996236 59694.20347004844 2459694.7071453533 2837821.0 32255510000000.0
1 0 3.99724 59694.20347004844 2459694.7071453533 2710321.5 49848087000000.0
1 0 3.998244 59694.20347004844 2459694.7071453533 2864511.5 40005024000000.0
1 0 3.999248 59694.20347004844 2459694.7071453533 2775921.8 47208687000000.0
1 0 4.000252 59694.20347004844 2459694.7071453533 2870221.8 42707355000000.0
1 0 4.001256 59694.20347004844 2459694.7071453533 2808267.8 18955886000000.0
1 0 4.00226 59694.20347004844 2459694.7071453533 2873999.0 45802223000000.0
1 0 4.003264 59694.20347004844 2459694.7071453533 2848704.8 81425164000000.0
1 0 4.004268 59694.20347004844 2459694.7071453533 2685011.5 35239110000000.0
1 0 4.005272 59694.20347004844 2459694.7071453533 2777397.5 29311952000000.0
1 0 4.006276 59694.20347004844 2459694.7071453533 2859491.2 60998150000000.0
1 0 4.00728 59694.20347004844 2459694.7071453533 2624787.5 23842146000000.0
1 0 4.008284 59694.20347004844 2459694.7071453533 2700586.0 49714205000000.0
1 0 4.009288 59694.20347004844 2459694.7071453533 2834296.0 51902964000000.0
1 0 4.010292 59694.20347004844 2459694.7071453533 2744594.5 27129826000000.0
1 0 4.011296 59694.20347004844 2459694.7071453533 2640425.8 85084920000000.0
1 0 4.0123 59694.20347004844 2459694.7071453533 2781614.8 89076130000000.0
1 0 4.013304 59694.20347004844 2459694.7071453533 2824915.2 62229950000000.0
1 0 4.014308 59694.20347004844 2459694.7071453533 2833147.5 76140510000000.0
1 0 4.015312 59694.20347004844 2459694.7071453533 2649368.2 68522634000000.0
1 0 4.016316 59694.20347004844 2459694.7071453533 2791868.5 36016107000000.0
1 0 4.01732 59694.20347004844 2459694.7071453533 2783581.2 100953200000000.0
1 0 4.018324 59694.20347004844 2459694.7071453533 2712010.8 79651060000000.0
1 0 4.019328 59694.20347004844 2459694.7071453533 2728670.2 111805950000000.0
1 0 4.020332 59694.20347004844 2459694.7071453533 2651162.2 103051650000000.0
1 0 4.021336 59694.20347004844 2459694.7071453533 2614104.5 108633030000000.0
1 0 4.02234 59694.20347004844 2459694.7071453533 2737553.2 98321040000000.0
1 0 4.023344 59694.20347004844 2459694.7071453533 2768170.2 121259410000000.0
1 0 4.024348 59694.20347004844 2459694.7071453533 2754628.0 183234180000000.0
1 0 4.025352 59694.20347004844 2459694.7071453533 2756293.2 174557340000000.0
1 0 4.026356 59694.20347004844 2459694.7071453533 2750932.8 102731350000000.0
1 0 4.02736 59694.20347004844 2459694.7071453533 2746421.2 174228600000000.0
1 0 4.028364 59694.20347004844 2459694.7071453533 2498413.8 161709200000000.0
1 0 4.029368 59694.20347004844 2459694.7071453533 2641182.2 196122790000000.0
1 0 4.030372 59694.20347004844 2459694.7071453533 2642945.5 130170480000000.0
1 0 4.031376 59694.20347004844 2459694.7071453533 2569806.2 193606940000000.0
1 0 4.03238 59694.20347004844 2459694.7071453533 2598431.0 264587790000000.0
1 0 4.033384 59694.20347004844 2459694.7071453533 2672726.5 187601200000000.0
1 0 4.034388 59694.20347004844 2459694.7071453533 2766157.0 266194220000000.0
1 0 4.035392 59694.20347004844 2459694.7071453533 2754049.5 389647550000000.0
1 0 4.036396 59694.20347004844 2459694.7071453533 2689180.0 339527700000000.0
1 0 4.0374 59694.20347004844 2459694.7071453533 2763818.8 442213420000000.0
1 0 4.038404 59694.20347004844 2459694.7071453533 2621478.2 257210240000000.0
1 0 4.039408 59694.20347004844 2459694.7071453533 2503223.2 548642000000000.0
1 0 4.040412 59694.20347004844 2459694.7071453533 2646846.8 633949450000000.0
1 0 4.041416 59694.20347004844 2459694.7071453533 2736374.8 884625500000000.0
1 0 4.04242 59694.20347004844 2459694.7071453533 2679896.5 444496200000000.0
1 0 4.043424 59694.20347004844 2459694.7071453533 2764970.0 593361700000000.0
1 0 4.044428 59694.20347004844 2459694.7071453533 2961403.5 633597000000000.0
1 0 4.045432 59694.20347004844 2459694.7071453533 2766235.0 676898250000000.0
1 0 4.046436 59694.20347004844 2459694.7071453533 2747096.5 868434500000000.0
1 0 4.04744 59694.20347004844 2459694.7071453533 2609320.2 619126000000000.0
1 0 4.048444 59694.20347004844 2459694.7071453533 2512476.2 827438600000000.0
1 0 4.049448 59694.20347004844 2459694.7071453533 2616872.8 885149900000000.0
1 0 4.050452 59694.20347004844 2459694.7071453533 2683512.2 1421328200000000.0
1 0 4.051456 59694.20347004844 2459694.7071453533 2658291.2 1522035700000000.0
1 0 4.05246 59694.20347004844 2459694.7071453533 2693940.2 1521193900000000.0
1 0 4.053464 59694.20347004844 2459694.7071453533 2702353.5 1512905600000000.0
1 0 4.054468 59694.20347004844 2459694.7071453533 2587609.8 1247107900000000.0
1 0 4.055472 59694.20347004844 2459694.7071453533 2478655.0 1470496000000000.0
1 1 2.450076 59694.20354889335 2459694.7072241926 7212747.5 26356335000000.0
1 1 2.45108 59694.20354889335 2459694.7072241926 7122790.5 51414710000000.0
1 1 2.452084 59694.20354889335 2459694.7072241926 7036967.5 12748908000000.0
1 1 2.453088 59694.20354889335 2459694.7072241926 6950664.0 24996338000000.0
1 1 2.454092 59694.20354889335 2459694.7072241926 6960699.5 24660656000000.0
1 1 2.455096 59694.20354889335 2459694.7072241926 6989730.5 24382827000000.0
1 1 2.4561 59694.20354889335 2459694.7072241926 6952700.0 24175442000000.0
1 1 2.457104 59694.20354889335 2459694.7072241926 7027877.5 83789640000000.0
1 1 2.458108 59694.20354889335 2459694.7072241926 7059908.0 23883990000000.0
1 1 2.459112 59694.20354889335 2459694.7072241926 7130777.5 11940694000000.0
1 1 2.460116 59694.20354889335 2459694.7072241926 7176797.5 11885897000000.0
1 1 2.46112 59694.20354889335 2459694.7072241926 7146444.5 46940270000000.0
1 1 2.462124 59694.20354889335 2459694.7072241926 7117590.5 11784030000000.0
1 1 2.463128 59694.20354889335 2459694.7072241926 7079615.0 23350292000000.0
1 1 2.464132 59694.20354889335 2459694.7072241926 7202964.0 11697994000000.0
1 1 2.465136 59694.20354889335 2459694.7072241926 7331643.0 23172140000000.0
1 1 2.46614 59694.20354889335 2459694.7072241926 7281929.5 11605947000000.0
1 1 2.467144 59694.20354889335 2459694.7072241926 7185722.0 22967560000000.0
1 1 2.468148 59694.20354889335 2459694.7072241926 7279020.5 79693600000000.0
1 1 2.469152 59694.20354889335 2459694.7072241926 7222448.5 34066340000000.0
1 1 2.470156 59694.20354889335 2459694.7072241926 6981933.5 33877823000000.0
1 1 2.47116 59694.20354889335 2459694.7072241926 6936215.0 44874740000000.0
1 1 2.472164 59694.20354889335 2459694.7072241926 7090316.5 44621644000000.0
1 1 2.473168 59694.20354889335 2459694.7072241926 7228844.0 22246314000000.0
1 1 2.474172 59694.20354889335 2459694.7072241926 7149871.0 11115104000000.0
1 1 2.475176 59694.20354889335 2459694.7072241926 7050412.0 43789062000000.0
1 1 2.47618 59694.20354889335 2459694.7072241926 7091923.0 130187870000.0
1 1 2.477184 59694.20354889335 2459694.7072241926 7084462.0 21721436000000.0
1 1 2.478188 59694.20354889335 2459694.7072241926 7132193.5 43077060000000.0
1 1 2.479192 59694.20354889335 2459694.7072241926 7114740.5 53507118000000.0
1 1 2.480196 59694.20354889335 2459694.7072241926 6940682.0 21359608000000.0
1 1 2.4812 59694.20354889335 2459694.7072241926 6952963.0 10692543000000.0
1 1 2.482204 59694.20354889335 2459694.7072241926 6983105.5 21162302000000.0
1 1 2.483208 59694.20354889335 2459694.7072241926 6884443.5 52455463000000.0
1 1 2.484212 59694.20354889335 2459694.7072241926 6854486.5 31357103000000.0
1 1 2.485216 59694.20354889335 2459694.7072241926 6779426.0 10473474000000.0
1 1 2.48622 59694.20354889335 2459694.7072241926 6906664.0 120998370000.0
1 1 2.487224 59694.20354889335 2459694.7072241926 6845572.5 10366186000000.0
1 1 2.488228 59694.20354889335 2459694.7072241926 6720100.5 20502330000000.0
1 1 2.489232 59694.20354889335 2459694.7072241926 7046236.0 10270655000000.0
1 1 2.490236 59694.20354889335 2459694.7072241926 7010019.0 10217319000000.0
1 1 2.49124 59694.20354889335 2459694.7072241926 7019953.0 20204218000000.0
1 1 2.492244 59694.20354889335 2459694.7072241926 7036380.0 30081355000000.0
1 1 2.493248 59694.20354889335 2459694.7072241926 6960412.5 19994216000000.0
1 1 2.494252 59694.20354889335 2459694.7072241926 7015609.0 10011884000000.0
1 1 2.495256 59694.20354889335 2459694.7072241926 6976423.5 29629524000000.0
1 1 2.49626 59694.20354889335 2459694.7072241926 6954122.5 29479100000000.0
1 1 2.497264 59694.20354889335 2459694.7072241926 6814992.0 39065496000000.0
1 1 2.498268 59694.20354889335 2459694.7072241926 6882077.5 9812571000000.0
1 1 2.499272 59694.20354889335 2459694.7072241926 6907145.5 19784320000000.0
1 1 2.500276 59694.20354889335 2459694.7072241926 7026732.5 50158046000000.0
1 1 2.50128 59694.20354889335 2459694.7072241926 6983435.0 10087336000000.0
1 1 2.502284 59694.20354889335 2459694.7072241926 7160170.0 19973390000000.0
1 1 2.503288 59694.20354889335 2459694.7072241926 7096685.5 19887062000000.0
1 1 2.504292 59694.20354889335 2459694.7072241926 7036473.0 29649816000000.0
1 1 2.505296 59694.20354889335 2459694.7072241926 7048354.5 29542060000000.0
1 1 2.5063 59694.20354889335 2459694.7072241926 7020739.0 9900455000000.0
1 1 2.507304 59694.20354889335 2459694.7072241926 6982180.5 9864602000000.0
1 1 2.508308 59694.20354889335 2459694.7072241926 6962533.5 58380685000000.0
1 1 2.509312 59694.20354889335 2459694.7072241926 6976996.5 19493309000000.0
1 1 2.510316 59694.20354889335 2459694.7072241926 6855561.0 19437862000000.0
1 1 2.51132 59694.20354889335 2459694.7072241926 6948317.0 9758598000000.0
1 1 2.512324 59694.20354889335 2459694.7072241926 6903205.5 19351126000000.0
1 1 2.513328 59694.20354889335 2459694.7072241926 6884919.5 38492877000000.0
1 1 2.514332 59694.20354889335 2459694.7072241926 6909726.0 9700139000000.0
1 1 2.515336 59694.20354889335 2459694.7072241926 6795185.5 28791364000000.0
1 1 2.51634 59694.20354889335 2459694.7072241926 6904642.0 19201500000000.0
1 1 2.517344 59694.20354889335 2459694.7072241926 6805434.0 9638739000000.0
1 1 2.518348 59694.20354889335 2459694.7072241926 6963189.5 19131842000000.0
1 1 2.519352 59694.20354889335 2459694.7072241926 6794230.5 19088624000000.0
1 1 2.520356 59694.20354889335 2459694.7072241926 6875112.5 9587422000000.0
1 1 2.52136 59694.20354889335 2459694.7072241926 6841532.0 28452128000000.0
1 1 2.522364 59694.20354889335 2459694.7072241926 6951034.5 37815310000000.0
1 1 2.523368 59694.20354889335 2459694.7072241926 6886792.5 28324955000000.0
1 1 2.524372 59694.20354889335 2459694.7072241926 6804909.5 9495035000000.0
1 1 2.525376 59694.20354889335 2459694.7072241926 6879121.5 56203313000000.0
1 1 2.52638 59694.20354889335 2459694.7072241926 6885213.0 121406340000.0
1 1 2.527384 59694.20354889335 2459694.7072241926 6733261.0 27972283000000.0
1 1 2.528388 59694.20354889335 2459694.7072241926 6834372.5 119400110000.0
1 1 2.529392 59694.20354889335 2459694.7072241926 6876187.0 9332563000000.0
1 1 2.530396 59694.20354889335 2459694.7072241926 6780925.0 18462976000000.0
1 1 2.5314 59694.20354889335 2459694.7072241926 6888448.0 18384770000000.0
1 1 2.532404 59694.20354889335 2459694.7072241926 6777877.5 116084070000.0
1 1 2.533408 59694.20354889335 2459694.7072241926 6790019.0 9151182000000.0
1 1 2.534412 59694.20354889335 2459694.7072241926 6867219.5 9100266000000.0
1 1 2.535416 59694.20354889335 2459694.7072241926 6809140.0 17976328000000.0
1 1 2.53642 59694.20354889335 2459694.7072241926 6156399.5 8968814000000.0
1 1 2.537424 59694.20354889335 2459694.7072241926 6727956.0 26550950000000.0
1 1 2.538428 59694.20354889335 2459694.7072241926 6825729.0 17620953000000.0
1 1 2.539432 59694.20354889335 2459694.7072241926 6842288.0 43571663000000.0
1 1 2.540436 59694.20354889335 2459694.7072241926 6736753.0 34646673000000.0
1 1 2.54144 59694.20354889335 2459694.7072241926 6743695.0 25856020000000.0
1 1 2.542444 59694.20354889335 2459694.7072241926 6648017.0 17172866000000.0
1 1 2.543448 59694.20354889335 2459694.7072241926 6551335.0 8586245700000.0
1 1 2.544452 59694.20354889335 2459694.7072241926 6567425.0 112654066000.0
1 1 2.545456 59694.20354889335 2459694.7072241926 6621861.5 8467394300000.0
1 1 2.54646 59694.20354889335 2459694.7072241926 6628431.0 8415902400000.0
1 1 2.547464 59694.20354889335 2459694.7072241926 6627984.0 24882900000000.0
1 1 2.548468 59694.20354889335 2459694.7072241926 6693402.5 24740798000000.0
1 1 2.549472 59694.20354889335 2459694.7072241926 6642149.5 16435754000000.0
1 1 2.550476 59694.20354889335 2459694.7072241926 6595103.0 16354066000000.0
